symbol	file	underlying_records	underlying_timestamps	option_records	option_timestamps	joinable_timestamps	join_ratio	status
GLD	GLD.2025-08-28.sqlite	781	781	148580	391	390	0.4994	CRITICAL
GLD	GLD.2024-10-11.sqlite	390	390	0	0	0	0.0000	CRITICAL
GLD	GLD.2024-10-09.sqlite	390	390	0	0	0	0.0000	CRITICAL
GLD	GLD.2024-10-03.sqlite	390	390	0	0	0	0.0000	CRITICAL
GLD	GLD.2024-09-25.sqlite	390	390	0	0	0	0.0000	CRITICAL
GLD	GLD.2024-09-20.sqlite	390	390	0	0	0	0.0000	CRITICAL
GLD	GLD.2024-09-13.sqlite	390	390	0	0	0	0.0000	CRITICAL
GLD	GLD.2024-09-10.sqlite	390	390	0	0	0	0.0000	CRITICAL
GLD	GLD.2024-09-03.sqlite	390	390	0	0	0	0.0000	CRITICAL
GLD	GLD.2024-08-27.sqlite	390	390	0	0	0	0.0000	CRITICAL
GLD	GLD.2024-08-21.sqlite	390	390	0	0	0	0.0000	CRITICAL
GLD	GLD.2024-08-15.sqlite	390	390	0	0	0	0.0000	CRITICAL
GLD	GLD.2024-08-08.sqlite	390	390	0	0	0	0.0000	CRITICAL
GLD	GLD.2024-08-02.sqlite	390	390	0	0	0	0.0000	CRITICAL
GLD	GLD.2024-07-29.sqlite	390	390	0	0	0	0.0000	CRITICAL
GLD	GLD.2024-07-23.sqlite	390	390	0	0	0	0.0000	CRITICAL
GLD	GLD.2024-07-17.sqlite	390	390	0	0	0	0.0000	CRITICAL
GLD	GLD.2024-07-12.sqlite	390	390	0	0	0	0.0000	CRITICAL
GLD	GLD.2024-07-08.sqlite	390	390	0	0	0	0.0000	CRITICAL
GLD	GLD.2024-07-02.sqlite	390	390	0	0	0	0.0000	CRITICAL
GLD	GLD.2024-06-27.sqlite	390	390	0	0	0	0.0000	CRITICAL
GLD	GLD.2024-06-21.sqlite	390	390	0	0	0	0.0000	CRITICAL
GLD	GLD.2024-06-12.sqlite	390	390	0	0	0	0.0000	CRITICAL
GLD	GLD.2024-06-07.sqlite	390	390	0	0	0	0.0000	CRITICAL
GLD	GLD.2024-05-31.sqlite	390	390	0	0	0	0.0000	CRITICAL
GLD	GLD.2024-05-23.sqlite	390	390	0	0	0	0.0000	CRITICAL
GLD	GLD.2024-05-17.sqlite	390	390	0	0	0	0.0000	CRITICAL
GLD	GLD.2024-05-14.sqlite	390	390	0	0	0	0.0000	CRITICAL
GLD	GLD.2025-08-26.sqlite	781	781	156400	391	390	0.4994	CRITICAL
GLD	GLD.2024-10-07.sqlite	390	390	0	0	0	0.0000	CRITICAL
GLD	GLD.2024-10-02.sqlite	390	390	0	0	0	0.0000	CRITICAL
GLD	GLD.2024-09-26.sqlite	390	390	0	0	0	0.0000	CRITICAL
GLD	GLD.2024-09-19.sqlite	390	390	0	0	0	0.0000	CRITICAL
GLD	GLD.2024-09-17.sqlite	390	390	0	0	0	0.0000	CRITICAL
GLD	GLD.2024-09-09.sqlite	390	390	0	0	0	0.0000	CRITICAL
GLD	GLD.2024-08-30.sqlite	390	390	0	0	0	0.0000	CRITICAL
GLD	GLD.2024-08-28.sqlite	390	390	0	0	0	0.0000	CRITICAL
GLD	GLD.2024-08-23.sqlite	390	390	0	0	0	0.0000	CRITICAL
GLD	GLD.2024-08-16.sqlite	390	390	0	0	0	0.0000	CRITICAL
GLD	GLD.2024-08-09.sqlite	390	390	0	0	0	0.0000	CRITICAL
GLD	GLD.2024-08-07.sqlite	390	390	0	0	0	0.0000	CRITICAL
GLD	GLD.2024-08-01.sqlite	390	390	0	0	0	0.0000	CRITICAL
GLD	GLD.2024-07-26.sqlite	390	390	0	0	0	0.0000	CRITICAL
GLD	GLD.2024-07-18.sqlite	390	390	0	0	0	0.0000	CRITICAL
GLD	GLD.2024-07-11.sqlite	390	390	0	0	0	0.0000	CRITICAL
GLD	GLD.2024-07-05.sqlite	390	390	0	0	0	0.0000	CRITICAL
GLD	GLD.2024-07-01.sqlite	390	390	0	0	0	0.0000	CRITICAL
GLD	GLD.2024-06-26.sqlite	390	390	0	0	0	0.0000	CRITICAL
GLD	GLD.2024-06-20.sqlite	390	390	0	0	0	0.0000	CRITICAL
GLD	GLD.2024-06-14.sqlite	390	390	0	0	0	0.0000	CRITICAL
GLD	GLD.2024-06-10.sqlite	390	390	0	0	0	0.0000	CRITICAL
GLD	GLD.2024-06-03.sqlite	390	390	0	0	0	0.0000	CRITICAL
GLD	GLD.2024-05-24.sqlite	390	390	0	0	0	0.0000	CRITICAL
GLD	GLD.2024-05-21.sqlite	390	390	0	0	0	0.0000	CRITICAL
GLD	GLD.2024-05-13.sqlite	390	390	0	0	0	0.0000	CRITICAL
GLD	GLD.2024-05-09.sqlite	390	390	0	0	0	0.0000	CRITICAL
GLD	GLD.2024-05-06.sqlite	390	390	0	0	0	0.0000	CRITICAL
GLD	GLD.2024-05-02.sqlite	390	390	0	0	0	0.0000	CRITICAL
GLD	GLD.2024-04-25.sqlite	390	390	0	0	0	0.0000	CRITICAL
GLD	GLD.2024-04-23.sqlite	390	390	0	0	0	0.0000	CRITICAL
GLD	GLD.2024-04-18.sqlite	390	390	0	0	0	0.0000	CRITICAL
GLD	GLD.2024-04-15.sqlite	390	390	0	0	0	0.0000	CRITICAL
GLD	GLD.2024-04-10.sqlite	390	390	0	0	0	0.0000	CRITICAL
GLD	GLD.2024-04-08.sqlite	390	390	0	0	0	0.0000	CRITICAL
GLD	GLD.2024-04-02.sqlite	390	390	0	0	0	0.0000	CRITICAL
GLD	GLD.2024-03-26.sqlite	390	390	0	0	0	0.0000	CRITICAL
GLD	GLD.2024-03-19.sqlite	390	390	0	0	0	0.0000	CRITICAL
GLD	GLD.2024-03-15.sqlite	390	390	0	0	0	0.0000	CRITICAL
GLD	GLD.2024-03-12.sqlite	390	390	0	0	0	0.0000	CRITICAL
GLD	GLD.2024-03-08.sqlite	390	390	0	0	0	0.0000	CRITICAL
GLD	GLD.2024-03-05.sqlite	390	390	0	0	0	0.0000	CRITICAL
GLD	GLD.2024-02-27.sqlite	390	390	0	0	0	0.0000	CRITICAL
GLD	GLD.2024-02-20.sqlite	390	390	0	0	0	0.0000	CRITICAL
GLD	GLD.2024-02-13.sqlite	390	390	0	0	0	0.0000	CRITICAL
GLD	GLD.2024-02-07.sqlite	390	390	0	0	0	0.0000	CRITICAL
GLD	GLD.2024-02-05.sqlite	390	390	0	0	0	0.0000	CRITICAL
GLD	GLD.2024-01-31.sqlite	390	390	0	0	0	0.0000	CRITICAL
GLD	GLD.2024-01-26.sqlite	390	390	0	0	0	0.0000	CRITICAL
GLD	GLD.2024-01-23.sqlite	390	390	0	0	0	0.0000	CRITICAL
GLD	GLD.2024-01-17.sqlite	390	390	0	0	0	0.0000	CRITICAL
GLD	GLD.2024-01-11.sqlite	390	390	0	0	0	0.0000	CRITICAL
GLD	GLD.2024-01-08.sqlite	390	390	0	0	0	0.0000	CRITICAL
GLD	GLD.2024-01-05.sqlite	390	390	0	0	0	0.0000	CRITICAL
GLD	GLD.2024-01-02.sqlite	390	390	0	0	0	0.0000	CRITICAL
GLD	GLD.2023-12-27.sqlite	390	390	0	0	0	0.0000	CRITICAL
GLD	GLD.2023-12-21.sqlite	390	390	0	0	0	0.0000	CRITICAL
GLD	GLD.2023-12-14.sqlite	390	390	0	0	0	0.0000	CRITICAL
GLD	GLD.2023-12-11.sqlite	390	390	0	0	0	0.0000	CRITICAL
GLD	GLD.2023-12-05.sqlite	390	390	0	0	0	0.0000	CRITICAL
GLD	GLD.2023-11-29.sqlite	390	390	0	0	0	0.0000	CRITICAL
GLD	GLD.2023-11-24.sqlite	390	390	0	0	0	0.0000	CRITICAL
GLD	GLD.2023-11-15.sqlite	390	390	0	0	0	0.0000	CRITICAL
GLD	GLD.2023-11-10.sqlite	390	390	0	0	0	0.0000	CRITICAL
GLD	GLD.2023-11-06.sqlite	390	390	0	0	0	0.0000	CRITICAL
GLD	GLD.2023-11-01.sqlite	390	390	0	0	0	0.0000	CRITICAL
GLD	GLD.2023-10-27.sqlite	390	390	0	0	0	0.0000	CRITICAL
GLD	GLD.2023-10-25.sqlite	390	390	0	0	0	0.0000	CRITICAL
GLD	GLD.2023-10-19.sqlite	390	390	0	0	0	0.0000	CRITICAL
GLD	GLD.2023-10-13.sqlite	390	390	0	0	0	0.0000	CRITICAL
GLD	GLD.2023-10-09.sqlite	390	390	0	0	0	0.0000	CRITICAL
GLD	GLD.2023-10-03.sqlite	390	390	0	0	0	0.0000	CRITICAL
GLD	GLD.2023-09-28.sqlite	390	390	0	0	0	0.0000	CRITICAL
GLD	GLD.2023-09-25.sqlite	390	390	0	0	0	0.0000	CRITICAL
GLD	GLD.2023-09-20.sqlite	390	390	0	0	0	0.0000	CRITICAL
GLD	GLD.2023-09-15.sqlite	390	390	0	0	0	0.0000	CRITICAL
GLD	GLD.2023-09-12.sqlite	390	390	0	0	0	0.0000	CRITICAL
GLD	GLD.2023-09-07.sqlite	390	390	0	0	0	0.0000	CRITICAL
GLD	GLD.2023-09-01.sqlite	390	390	0	0	0	0.0000	CRITICAL
GLD	GLD.2023-08-28.sqlite	390	390	0	0	0	0.0000	CRITICAL
GLD	GLD.2023-08-23.sqlite	390	390	0	0	0	0.0000	CRITICAL
GLD	GLD.2023-08-18.sqlite	390	390	0	0	0	0.0000	CRITICAL
GLD	GLD.2023-08-11.sqlite	390	390	0	0	0	0.0000	CRITICAL
GLD	GLD.2023-08-09.sqlite	390	390	0	0	0	0.0000	CRITICAL
GLD	GLD.2023-08-04.sqlite	390	390	0	0	0	0.0000	CRITICAL
GLD	GLD.2023-07-28.sqlite	390	390	0	0	0	0.0000	CRITICAL
GLD	GLD.2023-07-26.sqlite	390	390	0	0	0	0.0000	CRITICAL
GLD	GLD.2023-07-24.sqlite	390	390	0	0	0	0.0000	CRITICAL
GLD	GLD.2023-07-17.sqlite	390	390	0	0	0	0.0000	CRITICAL
GLD	GLD.2023-07-12.sqlite	390	390	0	0	0	0.0000	CRITICAL
GLD	GLD.2023-07-10.sqlite	390	390	0	0	0	0.0000	CRITICAL
GLD	GLD.2023-07-07.sqlite	390	390	0	0	0	0.0000	CRITICAL
GLD	GLD.2023-07-06.sqlite	390	390	0	0	0	0.0000	CRITICAL
GLD	GLD.2023-07-03.sqlite	390	390	0	0	0	0.0000	CRITICAL
GLD	GLD.2023-06-30.sqlite	390	390	0	0	0	0.0000	CRITICAL
GLD	GLD.2023-06-29.sqlite	390	390	0	0	0	0.0000	CRITICAL
GLD	GLD.2023-06-27.sqlite	390	390	0	0	0	0.0000	CRITICAL
GLD	GLD.2023-06-22.sqlite	390	390	0	0	0	0.0000	CRITICAL
GLD	GLD.2023-06-16.sqlite	390	390	0	0	0	0.0000	CRITICAL
GLD	GLD.2024-10-10.sqlite	390	390	0	0	0	0.0000	CRITICAL
GLD	GLD.2024-10-04.sqlite	390	390	0	0	0	0.0000	CRITICAL
GLD	GLD.2024-09-30.sqlite	390	390	0	0	0	0.0000	CRITICAL
GLD	GLD.2024-09-27.sqlite	390	390	0	0	0	0.0000	CRITICAL
GLD	GLD.2024-09-23.sqlite	390	390	0	0	0	0.0000	CRITICAL
GLD	GLD.2024-09-12.sqlite	390	390	0	0	0	0.0000	CRITICAL
GLD	GLD.2024-09-06.sqlite	390	390	0	0	0	0.0000	CRITICAL
GLD	GLD.2024-09-04.sqlite	390	390	0	0	0	0.0000	CRITICAL
GLD	GLD.2024-08-26.sqlite	390	390	0	0	0	0.0000	CRITICAL
GLD	GLD.2024-08-20.sqlite	390	390	0	0	0	0.0000	CRITICAL
GLD	GLD.2024-08-14.sqlite	390	390	0	0	0	0.0000	CRITICAL
GLD	GLD.2024-08-12.sqlite	390	390	0	0	0	0.0000	CRITICAL
GLD	GLD.2024-08-05.sqlite	390	390	0	0	0	0.0000	CRITICAL
GLD	GLD.2024-07-30.sqlite	390	390	0	0	0	0.0000	CRITICAL
GLD	GLD.2024-07-24.sqlite	390	390	0	0	0	0.0000	CRITICAL
GLD	GLD.2024-07-19.sqlite	390	390	0	0	0	0.0000	CRITICAL
GLD	GLD.2024-07-16.sqlite	390	390	0	0	0	0.0000	CRITICAL
GLD	GLD.2024-07-10.sqlite	390	390	0	0	0	0.0000	CRITICAL
GLD	GLD.2024-06-28.sqlite	390	390	0	0	0	0.0000	CRITICAL
GLD	GLD.2024-06-24.sqlite	390	390	0	0	0	0.0000	CRITICAL
GLD	GLD.2024-06-18.sqlite	390	390	0	0	0	0.0000	CRITICAL
GLD	GLD.2024-06-13.sqlite	390	390	0	0	0	0.0000	CRITICAL
GLD	GLD.2024-06-05.sqlite	390	390	0	0	0	0.0000	CRITICAL
GLD	GLD.2024-06-04.sqlite	390	390	0	0	0	0.0000	CRITICAL
GLD	GLD.2024-05-28.sqlite	390	390	0	0	0	0.0000	CRITICAL
GLD	GLD.2024-05-22.sqlite	390	390	0	0	0	0.0000	CRITICAL
GLD	GLD.2024-05-16.sqlite	390	390	0	0	0	0.0000	CRITICAL
GLD	GLD.2024-05-10.sqlite	390	390	0	0	0	0.0000	CRITICAL
GLD	GLD.2024-05-08.sqlite	390	390	0	0	0	0.0000	CRITICAL
GLD	GLD.2024-05-03.sqlite	390	390	0	0	0	0.0000	CRITICAL
GLD	GLD.2024-04-30.sqlite	390	390	0	0	0	0.0000	CRITICAL
GLD	GLD.2024-04-29.sqlite	390	390	0	0	0	0.0000	CRITICAL
GLD	GLD.2024-04-24.sqlite	390	390	0	0	0	0.0000	CRITICAL
GLD	GLD.2024-04-22.sqlite	390	390	0	0	0	0.0000	CRITICAL
GLD	GLD.2024-04-17.sqlite	390	390	0	0	0	0.0000	CRITICAL
GLD	GLD.2024-04-12.sqlite	390	390	0	0	0	0.0000	CRITICAL
GLD	GLD.2024-04-09.sqlite	390	390	0	0	0	0.0000	CRITICAL
GLD	GLD.2024-04-04.sqlite	390	390	0	0	0	0.0000	CRITICAL
GLD	GLD.2024-04-01.sqlite	390	390	0	0	0	0.0000	CRITICAL
GLD	GLD.2024-03-25.sqlite	390	390	0	0	0	0.0000	CRITICAL
GLD	GLD.2024-03-21.sqlite	390	390	0	0	0	0.0000	CRITICAL
GLD	GLD.2024-03-18.sqlite	390	390	0	0	0	0.0000	CRITICAL
GLD	GLD.2024-03-13.sqlite	390	390	0	0	0	0.0000	CRITICAL
GLD	GLD.2024-03-11.sqlite	390	390	0	0	0	0.0000	CRITICAL
GLD	GLD.2024-03-06.sqlite	390	390	0	0	0	0.0000	CRITICAL
GLD	GLD.2024-03-01.sqlite	390	390	0	0	0	0.0000	CRITICAL
GLD	GLD.2024-02-28.sqlite	390	390	0	0	0	0.0000	CRITICAL
GLD	GLD.2024-02-23.sqlite	390	390	0	0	0	0.0000	CRITICAL
GLD	GLD.2024-02-22.sqlite	390	390	0	0	0	0.0000	CRITICAL
GLD	GLD.2024-02-16.sqlite	390	390	0	0	0	0.0000	CRITICAL
GLD	GLD.2024-02-15.sqlite	390	390	0	0	0	0.0000	CRITICAL
GLD	GLD.2024-02-12.sqlite	390	390	0	0	0	0.0000	CRITICAL
GLD	GLD.2024-02-09.sqlite	390	390	0	0	0	0.0000	CRITICAL
GLD	GLD.2024-02-06.sqlite	390	390	0	0	0	0.0000	CRITICAL
GLD	GLD.2024-02-02.sqlite	390	390	0	0	0	0.0000	CRITICAL
GLD	GLD.2024-01-29.sqlite	390	390	0	0	0	0.0000	CRITICAL
GLD	GLD.2024-01-24.sqlite	390	390	0	0	0	0.0000	CRITICAL
GLD	GLD.2024-01-19.sqlite	390	390	0	0	0	0.0000	CRITICAL
GLD	GLD.2024-01-16.sqlite	390	390	0	0	0	0.0000	CRITICAL
GLD	GLD.2024-01-10.sqlite	390	390	0	0	0	0.0000	CRITICAL
GLD	GLD.2024-01-04.sqlite	390	390	0	0	0	0.0000	CRITICAL
GLD	GLD.2023-12-29.sqlite	390	390	0	0	0	0.0000	CRITICAL
GLD	GLD.2023-12-26.sqlite	390	390	0	0	0	0.0000	CRITICAL
GLD	GLD.2023-12-20.sqlite	390	390	0	0	0	0.0000	CRITICAL
GLD	GLD.2023-12-18.sqlite	390	390	0	0	0	0.0000	CRITICAL
GLD	GLD.2023-12-13.sqlite	390	390	0	0	0	0.0000	CRITICAL
GLD	GLD.2023-12-08.sqlite	390	390	0	0	0	0.0000	CRITICAL
GLD	GLD.2023-12-06.sqlite	390	390	0	0	0	0.0000	CRITICAL
GLD	GLD.2023-12-01.sqlite	390	390	0	0	0	0.0000	CRITICAL
GLD	GLD.2023-11-28.sqlite	390	390	0	0	0	0.0000	CRITICAL
GLD	GLD.2023-11-21.sqlite	390	390	0	0	0	0.0000	CRITICAL
GLD	GLD.2023-11-16.sqlite	390	390	0	0	0	0.0000	CRITICAL
GLD	GLD.2023-11-13.sqlite	390	390	0	0	0	0.0000	CRITICAL
GLD	GLD.2023-11-08.sqlite	390	390	0	0	0	0.0000	CRITICAL
GLD	GLD.2023-11-03.sqlite	390	390	0	0	0	0.0000	CRITICAL
GLD	GLD.2023-10-31.sqlite	390	390	0	0	0	0.0000	CRITICAL
GLD	GLD.2023-10-24.sqlite	390	390	0	0	0	0.0000	CRITICAL
GLD	GLD.2023-10-20.sqlite	390	390	0	0	0	0.0000	CRITICAL
GLD	GLD.2023-10-17.sqlite	390	390	0	0	0	0.0000	CRITICAL
GLD	GLD.2023-10-16.sqlite	390	390	0	0	0	0.0000	CRITICAL
GLD	GLD.2023-10-11.sqlite	390	390	0	0	0	0.0000	CRITICAL
GLD	GLD.2023-10-06.sqlite	390	390	0	0	0	0.0000	CRITICAL
GLD	GLD.2023-10-04.sqlite	390	390	0	0	0	0.0000	CRITICAL
GLD	GLD.2023-09-29.sqlite	390	390	0	0	0	0.0000	CRITICAL
GLD	GLD.2023-09-26.sqlite	390	390	0	0	0	0.0000	CRITICAL
GLD	GLD.2023-09-22.sqlite	390	390	0	0	0	0.0000	CRITICAL
GLD	GLD.2023-09-19.sqlite	390	390	0	0	0	0.0000	CRITICAL
GLD	GLD.2023-09-13.sqlite	390	390	0	0	0	0.0000	CRITICAL
GLD	GLD.2023-09-08.sqlite	390	390	0	0	0	0.0000	CRITICAL
GLD	GLD.2023-09-06.sqlite	390	390	0	0	0	0.0000	CRITICAL
GLD	GLD.2023-08-31.sqlite	390	390	0	0	0	0.0000	CRITICAL
GLD	GLD.2023-08-29.sqlite	390	390	0	0	0	0.0000	CRITICAL
GLD	GLD.2023-08-24.sqlite	390	390	0	0	0	0.0000	CRITICAL
GLD	GLD.2023-08-21.sqlite	390	390	0	0	0	0.0000	CRITICAL
GLD	GLD.2023-08-16.sqlite	390	390	0	0	0	0.0000	CRITICAL
GLD	GLD.2023-08-14.sqlite	390	390	0	0	0	0.0000	CRITICAL
GLD	GLD.2023-08-08.sqlite	390	390	0	0	0	0.0000	CRITICAL
GLD	GLD.2023-08-03.sqlite	390	390	0	0	0	0.0000	CRITICAL
GLD	GLD.2023-07-31.sqlite	390	390	0	0	0	0.0000	CRITICAL
GLD	GLD.2023-07-27.sqlite	390	390	0	0	0	0.0000	CRITICAL
GLD	GLD.2023-07-21.sqlite	390	390	0	0	0	0.0000	CRITICAL
GLD	GLD.2023-07-19.sqlite	390	390	0	0	0	0.0000	CRITICAL
GLD	GLD.2023-07-14.sqlite	390	390	0	0	0	0.0000	CRITICAL
GLD	GLD.2023-06-20.sqlite	390	390	0	0	0	0.0000	CRITICAL
GLD	GLD.2023-06-14.sqlite	390	390	0	0	0	0.0000	CRITICAL
GLD	GLD.2023-06-13.sqlite	390	390	0	0	0	0.0000	CRITICAL
GLD	GLD.2025-08-27.sqlite	781	781	156400	391	390	0.4994	CRITICAL
GLD	GLD.2024-10-08.sqlite	390	390	0	0	0	0.0000	CRITICAL
GLD	GLD.2024-10-01.sqlite	390	390	0	0	0	0.0000	CRITICAL
GLD	GLD.2024-09-24.sqlite	390	390	0	0	0	0.0000	CRITICAL
GLD	GLD.2024-09-18.sqlite	390	390	0	0	0	0.0000	CRITICAL
GLD	GLD.2024-09-16.sqlite	390	390	0	0	0	0.0000	CRITICAL
GLD	GLD.2024-09-11.sqlite	390	390	0	0	0	0.0000	CRITICAL
GLD	GLD.2024-09-05.sqlite	390	390	0	0	0	0.0000	CRITICAL
GLD	GLD.2024-08-29.sqlite	390	390	0	0	0	0.0000	CRITICAL
GLD	GLD.2024-08-22.sqlite	390	390	0	0	0	0.0000	CRITICAL
GLD	GLD.2024-08-19.sqlite	390	390	0	0	0	0.0000	CRITICAL
GLD	GLD.2024-08-13.sqlite	390	390	0	0	0	0.0000	CRITICAL
GLD	GLD.2024-08-06.sqlite	390	390	0	0	0	0.0000	CRITICAL
GLD	GLD.2024-07-31.sqlite	390	390	0	0	0	0.0000	CRITICAL
GLD	GLD.2024-07-25.sqlite	390	390	0	0	0	0.0000	CRITICAL
GLD	GLD.2024-07-22.sqlite	390	390	0	0	0	0.0000	CRITICAL
GLD	GLD.2024-07-15.sqlite	390	390	0	0	0	0.0000	CRITICAL
GLD	GLD.2024-07-09.sqlite	390	390	0	0	0	0.0000	CRITICAL
GLD	GLD.2024-07-03.sqlite	390	390	0	0	0	0.0000	CRITICAL
GLD	GLD.2024-06-25.sqlite	390	390	0	0	0	0.0000	CRITICAL
GLD	GLD.2024-06-17.sqlite	390	390	0	0	0	0.0000	CRITICAL
GLD	GLD.2024-06-11.sqlite	390	390	0	0	0	0.0000	CRITICAL
GLD	GLD.2024-06-06.sqlite	390	390	0	0	0	0.0000	CRITICAL
GLD	GLD.2024-05-30.sqlite	390	390	0	0	0	0.0000	CRITICAL
GLD	GLD.2024-05-29.sqlite	390	390	0	0	0	0.0000	CRITICAL
GLD	GLD.2024-05-20.sqlite	390	390	0	0	0	0.0000	CRITICAL
GLD	GLD.2024-05-15.sqlite	390	390	0	0	0	0.0000	CRITICAL
GLD	GLD.2024-05-07.sqlite	390	390	0	0	0	0.0000	CRITICAL
GLD	GLD.2024-05-01.sqlite	390	390	0	0	0	0.0000	CRITICAL
GLD	GLD.2024-04-26.sqlite	390	390	0	0	0	0.0000	CRITICAL
GLD	GLD.2024-04-19.sqlite	390	390	0	0	0	0.0000	CRITICAL
GLD	GLD.2024-04-16.sqlite	390	390	0	0	0	0.0000	CRITICAL
GLD	GLD.2024-04-11.sqlite	390	390	0	0	0	0.0000	CRITICAL
GLD	GLD.2024-04-05.sqlite	390	390	0	0	0	0.0000	CRITICAL
GLD	GLD.2024-04-03.sqlite	390	390	0	0	0	0.0000	CRITICAL
GLD	GLD.2024-03-28.sqlite	390	390	0	0	0	0.0000	CRITICAL
GLD	GLD.2024-03-27.sqlite	390	390	0	0	0	0.0000	CRITICAL
GLD	GLD.2024-03-22.sqlite	390	390	0	0	0	0.0000	CRITICAL
GLD	GLD.2024-03-20.sqlite	390	390	0	0	0	0.0000	CRITICAL
GLD	GLD.2024-03-14.sqlite	390	390	0	0	0	0.0000	CRITICAL
GLD	GLD.2024-03-07.sqlite	390	390	0	0	0	0.0000	CRITICAL
GLD	GLD.2024-03-04.sqlite	390	390	0	0	0	0.0000	CRITICAL
GLD	GLD.2024-02-29.sqlite	390	390	0	0	0	0.0000	CRITICAL
GLD	GLD.2024-02-26.sqlite	390	390	0	0	0	0.0000	CRITICAL
GLD	GLD.2024-02-21.sqlite	390	390	0	0	0	0.0000	CRITICAL
GLD	GLD.2024-02-14.sqlite	390	390	0	0	0	0.0000	CRITICAL
GLD	GLD.2024-02-08.sqlite	390	390	0	0	0	0.0000	CRITICAL
GLD	GLD.2024-02-01.sqlite	390	390	0	0	0	0.0000	CRITICAL
GLD	GLD.2024-01-30.sqlite	390	390	0	0	0	0.0000	CRITICAL
GLD	GLD.2024-01-25.sqlite	390	390	0	0	0	0.0000	CRITICAL
GLD	GLD.2024-01-22.sqlite	390	390	0	0	0	0.0000	CRITICAL
GLD	GLD.2024-01-18.sqlite	390	390	0	0	0	0.0000	CRITICAL
GLD	GLD.2024-01-12.sqlite	390	390	0	0	0	0.0000	CRITICAL
GLD	GLD.2024-01-09.sqlite	390	390	0	0	0	0.0000	CRITICAL
GLD	GLD.2024-01-03.sqlite	390	390	0	0	0	0.0000	CRITICAL
GLD	GLD.2023-12-28.sqlite	390	390	0	0	0	0.0000	CRITICAL
GLD	GLD.2023-12-22.sqlite	390	390	0	0	0	0.0000	CRITICAL
GLD	GLD.2023-12-19.sqlite	390	390	0	0	0	0.0000	CRITICAL
GLD	GLD.2023-12-15.sqlite	390	390	0	0	0	0.0000	CRITICAL
GLD	GLD.2023-12-12.sqlite	390	390	0	0	0	0.0000	CRITICAL
GLD	GLD.2023-12-07.sqlite	390	390	0	0	0	0.0000	CRITICAL
GLD	GLD.2023-12-04.sqlite	390	390	0	0	0	0.0000	CRITICAL
GLD	GLD.2023-11-30.sqlite	390	390	0	0	0	0.0000	CRITICAL
GLD	GLD.2023-11-27.sqlite	390	390	0	0	0	0.0000	CRITICAL
GLD	GLD.2023-11-22.sqlite	390	390	0	0	0	0.0000	CRITICAL
GLD	GLD.2023-11-20.sqlite	390	390	0	0	0	0.0000	CRITICAL
GLD	GLD.2023-11-17.sqlite	390	390	0	0	0	0.0000	CRITICAL
GLD	GLD.2023-11-14.sqlite	390	390	0	0	0	0.0000	CRITICAL
GLD	GLD.2023-11-09.sqlite	390	390	0	0	0	0.0000	CRITICAL
GLD	GLD.2023-11-07.sqlite	390	390	0	0	0	0.0000	CRITICAL
GLD	GLD.2023-11-02.sqlite	390	390	0	0	0	0.0000	CRITICAL
GLD	GLD.2023-10-30.sqlite	390	390	0	0	0	0.0000	CRITICAL
GLD	GLD.2023-10-26.sqlite	390	390	0	0	0	0.0000	CRITICAL
GLD	GLD.2023-10-23.sqlite	390	390	0	0	0	0.0000	CRITICAL
GLD	GLD.2023-10-18.sqlite	390	390	0	0	0	0.0000	CRITICAL
GLD	GLD.2023-10-12.sqlite	390	390	0	0	0	0.0000	CRITICAL
GLD	GLD.2023-10-10.sqlite	390	390	0	0	0	0.0000	CRITICAL
GLD	GLD.2023-10-05.sqlite	390	390	0	0	0	0.0000	CRITICAL
GLD	GLD.2023-10-02.sqlite	390	390	0	0	0	0.0000	CRITICAL
GLD	GLD.2023-09-27.sqlite	390	390	0	0	0	0.0000	CRITICAL
GLD	GLD.2023-09-21.sqlite	390	390	0	0	0	0.0000	CRITICAL
GLD	GLD.2023-09-18.sqlite	390	390	0	0	0	0.0000	CRITICAL
GLD	GLD.2023-09-14.sqlite	390	390	0	0	0	0.0000	CRITICAL
GLD	GLD.2023-09-11.sqlite	390	390	0	0	0	0.0000	CRITICAL
GLD	GLD.2023-09-05.sqlite	390	390	0	0	0	0.0000	CRITICAL
GLD	GLD.2023-08-30.sqlite	390	390	0	0	0	0.0000	CRITICAL
GLD	GLD.2023-08-25.sqlite	390	390	0	0	0	0.0000	CRITICAL
GLD	GLD.2023-08-22.sqlite	390	390	0	0	0	0.0000	CRITICAL
GLD	GLD.2023-08-17.sqlite	390	390	0	0	0	0.0000	CRITICAL
GLD	GLD.2023-08-15.sqlite	390	390	0	0	0	0.0000	CRITICAL
GLD	GLD.2023-08-10.sqlite	390	390	0	0	0	0.0000	CRITICAL
GLD	GLD.2023-08-07.sqlite	390	390	0	0	0	0.0000	CRITICAL
GLD	GLD.2023-08-02.sqlite	390	390	0	0	0	0.0000	CRITICAL
GLD	GLD.2023-08-01.sqlite	390	390	0	0	0	0.0000	CRITICAL
GLD	GLD.2023-07-25.sqlite	390	390	0	0	0	0.0000	CRITICAL
GLD	GLD.2023-07-20.sqlite	390	390	0	0	0	0.0000	CRITICAL
GLD	GLD.2023-07-18.sqlite	390	390	0	0	0	0.0000	CRITICAL
GLD	GLD.2023-07-13.sqlite	390	390	0	0	0	0.0000	CRITICAL
GLD	GLD.2023-07-11.sqlite	390	390	0	0	0	0.0000	CRITICAL
GLD	GLD.2023-07-05.sqlite	390	390	0	0	0	0.0000	CRITICAL
GLD	GLD.2023-06-28.sqlite	390	390	0	0	0	0.0000	CRITICAL
GLD	GLD.2023-06-26.sqlite	390	390	0	0	0	0.0000	CRITICAL
GLD	GLD.2023-06-23.sqlite	390	390	0	0	0	0.0000	CRITICAL
GLD	GLD.2023-06-21.sqlite	390	390	0	0	0	0.0000	CRITICAL
GLD	GLD.2023-06-15.sqlite	390	390	0	0	0	0.0000	CRITICAL
GLD	GLD.2023-06-12.sqlite	390	390	0	0	0	0.0000	CRITICAL
GLD	GLD.2023-06-09.sqlite	390	390	0	0	0	0.0000	CRITICAL
GLD	GLD.2023-06-08.sqlite	390	390	0	0	0	0.0000	CRITICAL
GLD	GLD.2023-06-07.sqlite	390	390	0	0	0	0.0000	CRITICAL
GLD	GLD.2023-06-06.sqlite	390	390	0	0	0	0.0000	CRITICAL
GLD	GLD.2023-06-05.sqlite	390	390	0	0	0	0.0000	CRITICAL
GLD	GLD.2023-06-02.sqlite	390	390	0	0	0	0.0000	CRITICAL
GLD	GLD.2023-06-01.sqlite	390	390	0	0	0	0.0000	CRITICAL
SPX	SPX.2021-12-30.sqlite	390	390	0	0	0	0.0000	CRITICAL
SPX	SPX.2024-08-23.sqlite	780	780	31200	390	389	0.4987	CRITICAL
SPX	SPX.2024-07-08.sqlite	780	780	31200	390	389	0.4987	CRITICAL
SPX	SPX.2023-01-31.sqlite	780	780	62400	390	389	0.4987	CRITICAL
SPX	SPX.2023-01-29.sqlite	0	0	0	0	0	0.0000	CRITICAL
SPX	SPX.2023-01-10.sqlite	780	780	62400	390	389	0.4987	CRITICAL
SPX	SPX.2022-05-13.sqlite	390	390	0	0	0	0.0000	CRITICAL
SPX	SPX.2022-02-09.sqlite	390	390	0	0	0	0.0000	CRITICAL
SPX	SPX.2022-01-04.sqlite	390	390	0	0	0	0.0000	CRITICAL
SPX	SPX.2021-12-28.sqlite	390	390	0	0	0	0.0000	CRITICAL
SPX	SPX.2021-12-08.sqlite	390	390	0	0	0	0.0000	CRITICAL
SPX	SPX.2025-08-28.sqlite	780	780	62400	390	389	0.4987	CRITICAL
SPX	SPX.2025-08-21.sqlite	390	390	0	0	0	0.0000	CRITICAL
SPX	SPX.2025-08-14.sqlite	390	390	0	0	0	0.0000	CRITICAL
SPX	SPX.2025-08-08.sqlite	390	390	0	0	0	0.0000	CRITICAL
SPX	SPX.2025-07-30.sqlite	390	390	0	0	0	0.0000	CRITICAL
SPX	SPX.2025-07-28.sqlite	390	390	0	0	0	0.0000	CRITICAL
SPX	SPX.2025-07-23.sqlite	390	390	0	0	0	0.0000	CRITICAL
SPX	SPX.2025-07-14.sqlite	390	390	0	0	0	0.0000	CRITICAL
SPX	SPX.2025-06-30.sqlite	390	390	0	0	0	0.0000	CRITICAL
SPX	SPX.2025-06-18.sqlite	390	390	0	0	0	0.0000	CRITICAL
SPX	SPX.2025-06-11.sqlite	390	390	0	0	0	0.0000	CRITICAL
SPX	SPX.2025-06-03.sqlite	390	390	0	0	0	0.0000	CRITICAL
SPX	SPX.2025-05-30.sqlite	390	390	0	0	0	0.0000	CRITICAL
SPX	SPX.2025-05-21.sqlite	390	390	0	0	0	0.0000	CRITICAL
SPX	SPX.2025-05-14.sqlite	390	390	0	0	0	0.0000	CRITICAL
SPX	SPX.2025-05-06.sqlite	390	390	0	0	0	0.0000	CRITICAL
SPX	SPX.2025-04-25.sqlite	390	390	0	0	0	0.0000	CRITICAL
SPX	SPX.2025-04-14.sqlite	390	390	0	0	0	0.0000	CRITICAL
SPX	SPX.2025-04-07.sqlite	390	390	0	0	0	0.0000	CRITICAL
SPX	SPX.2025-04-02.sqlite	390	390	0	0	0	0.0000	CRITICAL
SPX	SPX.2025-03-26.sqlite	390	390	0	0	0	0.0000	CRITICAL
SPX	SPX.2025-03-24.sqlite	390	390	0	0	0	0.0000	CRITICAL
SPX	SPX.2025-03-19.sqlite	390	390	0	0	0	0.0000	CRITICAL
SPX	SPX.2025-03-12.sqlite	390	390	0	0	0	0.0000	CRITICAL
SPX	SPX.2025-03-07.sqlite	390	390	0	0	0	0.0000	CRITICAL
SPX	SPX.2025-03-04.sqlite	390	390	0	0	0	0.0000	CRITICAL
SPX	SPX.2025-02-26.sqlite	390	390	0	0	0	0.0000	CRITICAL
SPX	SPX.2024-08-08.sqlite	780	780	31200	390	389	0.4987	CRITICAL
SPX	SPX.2023-08-09.sqlite	780	780	62400	390	389	0.4987	CRITICAL
SPX	SPX.2023-07-25.sqlite	390	390	0	0	0	0.0000	CRITICAL
SPX	SPX.2023-07-10.sqlite	390	390	0	0	0	0.0000	CRITICAL
SPX	SPX.2023-06-28.sqlite	390	390	0	0	0	0.0000	CRITICAL
SPX	SPX.2023-06-27.sqlite	390	390	0	0	0	0.0000	CRITICAL
SPX	SPX.2023-06-22.sqlite	390	390	0	0	0	0.0000	CRITICAL
SPX	SPX.2023-06-12.sqlite	390	390	0	0	0	0.0000	CRITICAL
SPX	SPX.2023-06-05.sqlite	390	390	0	0	0	0.0000	CRITICAL
SPX	SPX.2023-05-26.sqlite	390	390	0	0	0	0.0000	CRITICAL
SPX	SPX.2023-05-25.sqlite	390	390	0	0	0	0.0000	CRITICAL
SPX	SPX.2023-05-18.sqlite	390	390	0	0	0	0.0000	CRITICAL
SPX	SPX.2023-05-12.sqlite	390	390	0	0	0	0.0000	CRITICAL
SPX	SPX.2023-05-01.sqlite	390	390	0	0	0	0.0000	CRITICAL
SPX	SPX.2023-04-13.sqlite	390	390	0	0	0	0.0000	CRITICAL
SPX	SPX.2023-04-06.sqlite	390	390	0	0	0	0.0000	CRITICAL
SPX	SPX.2023-03-29.sqlite	390	390	0	0	0	0.0000	CRITICAL
SPX	SPX.2023-03-24.sqlite	390	390	0	0	0	0.0000	CRITICAL
SPX	SPX.2023-03-16.sqlite	390	390	0	0	0	0.0000	CRITICAL
SPX	SPX.2023-03-09.sqlite	390	390	0	0	0	0.0000	CRITICAL
SPX	SPX.2023-02-17.sqlite	390	390	0	0	0	0.0000	CRITICAL
SPX	SPX.2023-01-06.sqlite	780	780	62400	390	389	0.4987	CRITICAL
SPX	SPX.2022-01-07.sqlite	390	390	0	0	0	0.0000	CRITICAL
SPX	SPX.2022-01-06.sqlite	390	390	0	0	0	0.0000	CRITICAL
SPX	SPX.2022-01-05.sqlite	390	390	0	0	0	0.0000	CRITICAL
SPX	SPX.2021-11-10.sqlite	390	390	0	0	0	0.0000	CRITICAL
SPX	SPX.2021-11-09.sqlite	390	390	0	0	0	0.0000	CRITICAL
SPX	SPX.2021-11-08.sqlite	390	390	0	0	0	0.0000	CRITICAL
SPX	SPX.2021-10-29.sqlite	390	390	0	0	0	0.0000	CRITICAL
SPX	SPX.2021-10-22.sqlite	390	390	0	0	0	0.0000	CRITICAL
SPX	SPX.2022-12-27.sqlite	390	390	0	0	0	0.0000	CRITICAL
SPX	SPX.2022-12-23.sqlite	390	390	0	0	0	0.0000	CRITICAL
SPX	SPX.2022-11-25.sqlite	390	390	0	0	0	0.0000	CRITICAL
SPX	SPX.2022-11-23.sqlite	390	390	0	0	0	0.0000	CRITICAL
SPX	SPX.2022-11-22.sqlite	390	390	0	0	0	0.0000	CRITICAL
SPX	SPX.2022-11-21.sqlite	390	390	0	0	0	0.0000	CRITICAL
SPX	SPX.2022-11-18.sqlite	390	390	0	0	0	0.0000	CRITICAL
SPX	SPX.2022-11-17.sqlite	390	390	0	0	0	0.0000	CRITICAL
SPX	SPX.2022-11-16.sqlite	390	390	0	0	0	0.0000	CRITICAL
SPX	SPX.2022-11-15.sqlite	390	390	0	0	0	0.0000	CRITICAL
SPX	SPX.2022-11-14.sqlite	390	390	0	0	0	0.0000	CRITICAL
SPX	SPX.2022-11-11.sqlite	390	390	0	0	0	0.0000	CRITICAL
SPX	SPX.2022-11-10.sqlite	390	390	0	0	0	0.0000	CRITICAL
SPX	SPX.2022-11-09.sqlite	390	390	0	0	0	0.0000	CRITICAL
SPX	SPX.2022-11-08.sqlite	390	390	0	0	0	0.0000	CRITICAL
SPX	SPX.2022-10-13.sqlite	390	390	0	0	0	0.0000	CRITICAL
SPX	SPX.2022-10-12.sqlite	390	390	0	0	0	0.0000	CRITICAL
SPX	SPX.2022-10-11.sqlite	390	390	0	0	0	0.0000	CRITICAL
SPX	SPX.2022-07-05.sqlite	390	390	0	0	0	0.0000	CRITICAL
SPX	SPX.2021-10-26.sqlite	390	390	0	0	0	0.0000	CRITICAL
SPX	SPX.2022-05-23.sqlite	390	390	0	0	0	0.0000	CRITICAL
SPX	SPX.2022-05-06.sqlite	390	390	0	0	0	0.0000	CRITICAL
SPX	SPX.2022-04-06.sqlite	390	390	0	0	0	0.0000	CRITICAL
SPX	SPX.2022-03-28.sqlite	390	390	0	0	0	0.0000	CRITICAL
SPX	SPX.2021-12-31.sqlite	390	390	0	0	0	0.0000	CRITICAL
SPX	SPX.2021-10-19.sqlite	390	390	0	0	0	0.0000	CRITICAL
SPX	SPX.2021-08-20.sqlite	390	390	0	0	0	0.0000	CRITICAL
SPX	SPX.2021-06-21.sqlite	390	390	0	0	0	0.0000	CRITICAL
SPX	SPX.2021-06-11.sqlite	390	390	0	0	0	0.0000	CRITICAL
SPX	SPX.2021-05-19.sqlite	390	390	0	0	0	0.0000	CRITICAL
SPX	SPX.2022-05-20.sqlite	390	390	0	0	0	0.0000	CRITICAL
SPX	SPX.2022-05-19.sqlite	390	390	0	0	0	0.0000	CRITICAL
SPX	SPX.2021-06-29.sqlite	390	390	0	0	0	0.0000	CRITICAL
SPX	SPX.2021-05-12.sqlite	390	390	0	0	0	0.0000	CRITICAL
SPX	SPX.2022-05-12.sqlite	390	390	0	0	0	0.0000	CRITICAL
SPX	SPX.2022-05-03.sqlite	390	390	0	0	0	0.0000	CRITICAL
SPX	SPX.2022-04-11.sqlite	390	390	0	0	0	0.0000	CRITICAL
SPX	SPX.2021-11-24.sqlite	390	390	0	0	0	0.0000	CRITICAL
SPX	SPX.2021-06-15.sqlite	390	390	0	0	0	0.0000	CRITICAL
SPX	SPX.2021-06-14.sqlite	390	390	0	0	0	0.0000	CRITICAL
SPX	SPX.2021-05-13.sqlite	390	390	0	0	0	0.0000	CRITICAL
SPX	SPX.2021-03-22.sqlite	390	390	0	0	0	0.0000	CRITICAL
SPX	SPX.2021-03-18.sqlite	390	390	0	0	0	0.0000	CRITICAL
SPX	SPX.2022-04-18.sqlite	390	390	0	0	0	0.0000	CRITICAL
SPX	SPX.2022-01-14.sqlite	390	390	0	0	0	0.0000	CRITICAL
SPX	SPX.2022-01-13.sqlite	390	390	0	0	0	0.0000	CRITICAL
SPX	SPX.2022-01-10.sqlite	390	390	0	0	0	0.0000	CRITICAL
SPX	SPX.2021-12-20.sqlite	390	390	0	0	0	0.0000	CRITICAL
SPX	SPX.2021-06-17.sqlite	390	390	0	0	0	0.0000	CRITICAL
SPX	SPX.2021-04-28.sqlite	390	390	0	0	0	0.0000	CRITICAL
SPX	SPX.2021-04-23.sqlite	390	390	0	0	0	0.0000	CRITICAL
SPX	SPX.2021-04-22.sqlite	390	390	0	0	0	0.0000	CRITICAL
SPX	SPX.2021-04-21.sqlite	390	390	0	0	0	0.0000	CRITICAL
SPX	SPX.2021-04-20.sqlite	390	390	0	0	0	0.0000	CRITICAL
SPX	SPX.2021-04-19.sqlite	390	390	0	0	0	0.0000	CRITICAL
SPX	SPX.2021-04-16.sqlite	390	390	0	0	0	0.0000	CRITICAL
SPX	SPX.2021-04-15.sqlite	390	390	0	0	0	0.0000	CRITICAL
SPX	SPX.2021-04-14.sqlite	390	390	0	0	0	0.0000	CRITICAL
SPX	SPX.2021-04-13.sqlite	390	390	0	0	0	0.0000	CRITICAL
SPX	SPX.2021-04-12.sqlite	390	390	0	0	0	0.0000	CRITICAL
SPX	SPX.2021-04-09.sqlite	390	390	0	0	0	0.0000	CRITICAL
SPX	SPX.2021-04-08.sqlite	390	390	0	0	0	0.0000	CRITICAL
SPX	SPX.2021-04-07.sqlite	390	390	0	0	0	0.0000	CRITICAL
SPX	SPX.2021-04-06.sqlite	390	390	0	0	0	0.0000	CRITICAL
SPX	SPX.2021-02-16.sqlite	390	390	0	0	0	0.0000	CRITICAL
SPX	SPX.2021-02-12.sqlite	390	390	0	0	0	0.0000	CRITICAL
SPX	SPX.2021-02-11.sqlite	390	390	0	0	0	0.0000	CRITICAL
SPX	SPX.2021-02-10.sqlite	390	390	0	0	0	0.0000	CRITICAL
SPX	SPX.2022-05-11.sqlite	390	390	0	0	0	0.0000	CRITICAL
SPX	SPX.2022-05-10.sqlite	390	390	0	0	0	0.0000	CRITICAL
SPX	SPX.2021-02-05.sqlite	390	390	0	0	0	0.0000	CRITICAL
SPX	SPX.2022-04-07.sqlite	390	390	0	0	0	0.0000	CRITICAL
SPX	SPX.2021-05-17.sqlite	390	390	0	0	0	0.0000	CRITICAL
SPX	SPX.2021-05-04.sqlite	390	390	0	0	0	0.0000	CRITICAL
SPX	SPX.2021-05-03.sqlite	390	390	0	0	0	0.0000	CRITICAL
SPX	SPX.2021-01-11.sqlite	390	390	0	0	0	0.0000	CRITICAL
SPX	SPX.2022-04-08.sqlite	390	390	0	0	0	0.0000	CRITICAL
SPX	SPX.2022-03-31.sqlite	390	390	0	0	0	0.0000	CRITICAL
SPX	SPX.2022-03-30.sqlite	390	390	0	0	0	0.0000	CRITICAL
SPX	SPX.2022-03-17.sqlite	390	390	0	0	0	0.0000	CRITICAL
SPX	SPX.2022-03-15.sqlite	390	390	0	0	0	0.0000	CRITICAL
SPX	SPX.2022-03-10.sqlite	390	390	0	0	0	0.0000	CRITICAL
SPX	SPX.2022-03-09.sqlite	390	390	0	0	0	0.0000	CRITICAL
SPX	SPX.2022-02-18.sqlite	390	390	0	0	0	0.0000	CRITICAL
SPX	SPX.2022-02-16.sqlite	390	390	0	0	0	0.0000	CRITICAL
SPX	SPX.2022-02-14.sqlite	390	390	0	0	0	0.0000	CRITICAL
SPX	SPX.2022-02-11.sqlite	390	390	0	0	0	0.0000	CRITICAL
SPX	SPX.2022-02-10.sqlite	390	390	0	0	0	0.0000	CRITICAL
SPX	SPX.2022-01-28.sqlite	390	390	0	0	0	0.0000	CRITICAL
SPX	SPX.2022-01-27.sqlite	390	390	0	0	0	0.0000	CRITICAL
SPX	SPX.2022-01-26.sqlite	390	390	0	0	0	0.0000	CRITICAL
SPX	SPX.2022-01-25.sqlite	390	390	0	0	0	0.0000	CRITICAL
SPX	SPX.2021-02-04.sqlite	390	390	0	0	0	0.0000	CRITICAL
SPX	SPX.2021-01-14.sqlite	390	390	0	0	0	0.0000	CRITICAL
SPX	SPX.2022-12-07.sqlite	390	390	0	0	0	0.0000	CRITICAL
SPX	SPX.2022-12-06.sqlite	390	390	0	0	0	0.0000	CRITICAL
SPX	SPX.2021-10-01.sqlite	390	390	0	0	0	0.0000	CRITICAL
SPX	SPX.2021-09-16.sqlite	390	390	0	0	0	0.0000	CRITICAL
SPX	SPX.2021-09-15.sqlite	390	390	0	0	0	0.0000	CRITICAL
SPX	SPX.2021-09-14.sqlite	390	390	0	0	0	0.0000	CRITICAL
SPX	SPX.2021-09-13.sqlite	390	390	0	0	0	0.0000	CRITICAL
SPX	SPX.2021-09-10.sqlite	390	390	0	0	0	0.0000	CRITICAL
SPX	SPX.2021-09-09.sqlite	390	390	0	0	0	0.0000	CRITICAL
SPX	SPX.2021-09-08.sqlite	390	390	0	0	0	0.0000	CRITICAL
SPX	SPX.2021-09-07.sqlite	390	390	0	0	0	0.0000	CRITICAL
SPX	SPX.2021-09-03.sqlite	390	390	0	0	0	0.0000	CRITICAL
SPX	SPX.2021-09-02.sqlite	390	390	0	0	0	0.0000	CRITICAL
SPX	SPX.2021-09-01.sqlite	390	390	0	0	0	0.0000	CRITICAL
SPX	SPX.2021-08-31.sqlite	390	390	0	0	0	0.0000	CRITICAL
SPX	SPX.2021-08-30.sqlite	390	390	0	0	0	0.0000	CRITICAL
SPX	SPX.2021-08-27.sqlite	390	390	0	0	0	0.0000	CRITICAL
SPX	SPX.2021-08-26.sqlite	390	390	0	0	0	0.0000	CRITICAL
SPX	SPX.2021-08-25.sqlite	390	390	0	0	0	0.0000	CRITICAL
SPX	SPX.2021-08-24.sqlite	390	390	0	0	0	0.0000	CRITICAL
SPX	SPX.2021-06-03.sqlite	390	390	0	0	0	0.0000	CRITICAL
SPX	SPX.2021-03-19.sqlite	390	390	0	0	0	0.0000	CRITICAL
SPX	SPX.2021-01-20.sqlite	390	390	0	0	0	0.0000	CRITICAL
SPX	SPX.2021-01-19.sqlite	390	390	0	0	0	0.0000	CRITICAL
SPX	SPX.2020-12-30.sqlite	390	390	0	0	0	0.0000	CRITICAL
SPX	SPX.2021-11-29.sqlite	390	390	0	0	0	0.0000	CRITICAL
SPX	SPX.2021-07-06.sqlite	390	390	0	0	0	0.0000	CRITICAL
SPX	SPX.2021-07-02.sqlite	390	390	0	0	0	0.0000	CRITICAL
SPX	SPX.2021-07-01.sqlite	390	390	0	0	0	0.0000	CRITICAL
SPX	SPX.2021-03-23.sqlite	390	390	0	0	0	0.0000	CRITICAL
SPX	SPX.2021-02-02.sqlite	390	390	0	0	0	0.0000	CRITICAL
SPX	SPX.2021-01-06.sqlite	390	390	0	0	0	0.0000	CRITICAL
SPX	SPX.2021-01-04.sqlite	390	390	0	0	0	0.0000	CRITICAL
SPX	SPX.2020-12-31.sqlite	390	390	0	0	0	0.0000	CRITICAL
SPX	SPX.2024-08-22.sqlite	780	780	31200	390	389	0.4987	CRITICAL
SPX	SPX.2024-08-07.sqlite	780	780	31200	390	389	0.4987	CRITICAL
SPX	SPX.2024-06-27.sqlite	780	780	31200	390	389	0.4987	CRITICAL
SPX	SPX.2024-06-10.sqlite	390	390	0	0	0	0.0000	CRITICAL
SPX	SPX.2024-06-07.sqlite	390	390	0	0	0	0.0000	CRITICAL
SPX	SPX.2024-06-04.sqlite	390	390	0	0	0	0.0000	CRITICAL
SPX	SPX.2024-05-24.sqlite	390	390	0	0	0	0.0000	CRITICAL
SPX	SPX.2024-05-13.sqlite	390	390	0	0	0	0.0000	CRITICAL
SPX	SPX.2024-04-26.sqlite	390	390	0	0	0	0.0000	CRITICAL
SPX	SPX.2024-04-23.sqlite	390	390	0	0	0	0.0000	CRITICAL
SPX	SPX.2024-04-15.sqlite	390	390	0	0	0	0.0000	CRITICAL
SPX	SPX.2024-04-05.sqlite	390	390	0	0	0	0.0000	CRITICAL
SPX	SPX.2024-03-25.sqlite	390	390	0	0	0	0.0000	CRITICAL
SPX	SPX.2024-03-14.sqlite	390	390	0	0	0	0.0000	CRITICAL
SPX	SPX.2024-03-06.sqlite	390	390	0	0	0	0.0000	CRITICAL
SPX	SPX.2024-02-29.sqlite	390	390	0	0	0	0.0000	CRITICAL
SPX	SPX.2024-02-23.sqlite	390	390	0	0	0	0.0000	CRITICAL
SPX	SPX.2024-02-16.sqlite	390	390	0	0	0	0.0000	CRITICAL
SPX	SPX.2024-02-06.sqlite	390	390	0	0	0	0.0000	CRITICAL
SPX	SPX.2024-01-22.sqlite	390	390	0	0	0	0.0000	CRITICAL
SPX	SPX.2024-01-17.sqlite	390	390	0	0	0	0.0000	CRITICAL
SPX	SPX.2024-01-11.sqlite	390	390	0	0	0	0.0000	CRITICAL
SPX	SPX.2024-01-02.sqlite	390	390	0	0	0	0.0000	CRITICAL
SPX	SPX.2023-12-27.sqlite	390	390	0	0	0	0.0000	CRITICAL
SPX	SPX.2023-12-19.sqlite	390	390	0	0	0	0.0000	CRITICAL
SPX	SPX.2023-12-14.sqlite	390	390	0	0	0	0.0000	CRITICAL
SPX	SPX.2023-12-11.sqlite	390	390	0	0	0	0.0000	CRITICAL
SPX	SPX.2023-12-05.sqlite	390	390	0	0	0	0.0000	CRITICAL
SPX	SPX.2023-11-28.sqlite	390	390	0	0	0	0.0000	CRITICAL
SPX	SPX.2023-11-20.sqlite	390	390	0	0	0	0.0000	CRITICAL
SPX	SPX.2023-11-14.sqlite	390	390	0	0	0	0.0000	CRITICAL
SPX	SPX.2023-11-08.sqlite	390	390	0	0	0	0.0000	CRITICAL
SPX	SPX.2023-11-06.sqlite	390	390	0	0	0	0.0000	CRITICAL
SPX	SPX.2023-11-02.sqlite	390	390	0	0	0	0.0000	CRITICAL
SPX	SPX.2023-10-30.sqlite	390	390	0	0	0	0.0000	CRITICAL
SPX	SPX.2023-10-26.sqlite	390	390	0	0	0	0.0000	CRITICAL
SPX	SPX.2023-10-20.sqlite	390	390	0	0	0	0.0000	CRITICAL
SPX	SPX.2023-01-26.sqlite	780	780	62400	390	389	0.4987	CRITICAL
SPX	SPX.2023-01-11.sqlite	780	780	62400	390	389	0.4987	CRITICAL
SPX	SPX.2022-04-14.sqlite	390	390	0	0	0	0.0000	CRITICAL
SPX	SPX.2022-04-12.sqlite	390	390	0	0	0	0.0000	CRITICAL
SPX	SPX.2022-03-25.sqlite	390	390	0	0	0	0.0000	CRITICAL
SPX	SPX.2022-03-24.sqlite	390	390	0	0	0	0.0000	CRITICAL
SPX	SPX.2022-03-23.sqlite	390	390	0	0	0	0.0000	CRITICAL
SPX	SPX.2022-03-22.sqlite	390	390	0	0	0	0.0000	CRITICAL
SPX	SPX.2022-03-21.sqlite	390	390	0	0	0	0.0000	CRITICAL
SPX	SPX.2022-03-18.sqlite	390	390	0	0	0	0.0000	CRITICAL
SPX	SPX.2022-03-08.sqlite	390	390	0	0	0	0.0000	CRITICAL
SPX	SPX.2020-12-29.sqlite	390	390	0	0	0	0.0000	CRITICAL
SPX	SPX.2022-02-22.sqlite	390	390	0	0	0	0.0000	CRITICAL
SPX	SPX.2022-02-07.sqlite	390	390	0	0	0	0.0000	CRITICAL
SPX	SPX.2022-02-03.sqlite	390	390	0	0	0	0.0000	CRITICAL
SPX	SPX.2022-01-31.sqlite	390	390	0	0	0	0.0000	CRITICAL
SPX	SPX.2021-07-07.sqlite	390	390	0	0	0	0.0000	CRITICAL
SPX	SPX.2020-12-28.sqlite	390	390	0	0	0	0.0000	CRITICAL
SPX	SPX.2025-08-26.sqlite	780	780	62400	390	389	0.4987	CRITICAL
SPX	SPX.2025-08-19.sqlite	390	390	0	0	0	0.0000	CRITICAL
SPX	SPX.2025-08-11.sqlite	390	390	0	0	0	0.0000	CRITICAL
SPX	SPX.2025-08-04.sqlite	390	390	0	0	0	0.0000	CRITICAL
SPX	SPX.2025-07-22.sqlite	390	390	0	0	0	0.0000	CRITICAL
SPX	SPX.2025-07-11.sqlite	390	390	0	0	0	0.0000	CRITICAL
SPX	SPX.2025-07-03.sqlite	390	390	0	0	0	0.0000	CRITICAL
SPX	SPX.2025-06-25.sqlite	390	390	0	0	0	0.0000	CRITICAL
SPX	SPX.2025-06-13.sqlite	390	390	0	0	0	0.0000	CRITICAL
SPX	SPX.2025-06-09.sqlite	390	390	0	0	0	0.0000	CRITICAL
SPX	SPX.2025-06-06.sqlite	390	390	0	0	0	0.0000	CRITICAL
SPX	SPX.2025-05-29.sqlite	390	390	0	0	0	0.0000	CRITICAL
SPX	SPX.2025-05-27.sqlite	390	390	0	0	0	0.0000	CRITICAL
SPX	SPX.2025-05-22.sqlite	390	390	0	0	0	0.0000	CRITICAL
SPX	SPX.2025-05-16.sqlite	390	390	0	0	0	0.0000	CRITICAL
SPX	SPX.2025-05-08.sqlite	390	390	0	0	0	0.0000	CRITICAL
SPX	SPX.2025-05-01.sqlite	390	390	0	0	0	0.0000	CRITICAL
SPX	SPX.2025-04-23.sqlite	390	390	0	0	0	0.0000	CRITICAL
SPX	SPX.2025-04-16.sqlite	390	390	0	0	0	0.0000	CRITICAL
SPX	SPX.2025-04-10.sqlite	390	390	0	0	0	0.0000	CRITICAL
SPX	SPX.2025-04-04.sqlite	390	390	0	0	0	0.0000	CRITICAL
SPX	SPX.2025-03-31.sqlite	390	390	0	0	0	0.0000	CRITICAL
SPX	SPX.2025-03-25.sqlite	390	390	0	0	0	0.0000	CRITICAL
SPX	SPX.2025-03-17.sqlite	390	390	0	0	0	0.0000	CRITICAL
SPX	SPX.2025-03-11.sqlite	390	390	0	0	0	0.0000	CRITICAL
SPX	SPX.2025-03-05.sqlite	390	390	0	0	0	0.0000	CRITICAL
SPX	SPX.2025-02-28.sqlite	390	390	0	0	0	0.0000	CRITICAL
SPX	SPX.2024-08-06.sqlite	780	780	31200	390	389	0.4987	CRITICAL
SPX	SPX.2024-07-26.sqlite	390	390	0	0	0	0.0000	CRITICAL
SPX	SPX.2024-07-23.sqlite	390	390	0	0	0	0.0000	CRITICAL
SPX	SPX.2024-07-17.sqlite	390	390	0	0	0	0.0000	CRITICAL
SPX	SPX.2024-07-16.sqlite	390	390	0	0	0	0.0000	CRITICAL
SPX	SPX.2023-08-10.sqlite	780	780	62400	390	389	0.4987	CRITICAL
SPX	SPX.2023-08-02.sqlite	390	390	0	0	0	0.0000	CRITICAL
SPX	SPX.2023-08-01.sqlite	390	390	0	0	0	0.0000	CRITICAL
SPX	SPX.2023-07-24.sqlite	390	390	0	0	0	0.0000	CRITICAL
SPX	SPX.2023-07-17.sqlite	390	390	0	0	0	0.0000	CRITICAL
SPX	SPX.2023-07-07.sqlite	390	390	0	0	0	0.0000	CRITICAL
SPX	SPX.2023-06-26.sqlite	390	390	0	0	0	0.0000	CRITICAL
SPX	SPX.2023-06-16.sqlite	390	390	0	0	0	0.0000	CRITICAL
SPX	SPX.2023-06-13.sqlite	390	390	0	0	0	0.0000	CRITICAL
SPX	SPX.2023-06-07.sqlite	390	390	0	0	0	0.0000	CRITICAL
SPX	SPX.2023-06-01.sqlite	390	390	0	0	0	0.0000	CRITICAL
SPX	SPX.2023-05-19.sqlite	390	390	0	0	0	0.0000	CRITICAL
SPX	SPX.2023-05-08.sqlite	390	390	0	0	0	0.0000	CRITICAL
SPX	SPX.2023-05-05.sqlite	390	390	0	0	0	0.0000	CRITICAL
SPX	SPX.2023-05-04.sqlite	390	390	0	0	0	0.0000	CRITICAL
SPX	SPX.2023-04-24.sqlite	390	390	0	0	0	0.0000	CRITICAL
SPX	SPX.2023-04-18.sqlite	390	390	0	0	0	0.0000	CRITICAL
SPX	SPX.2023-04-10.sqlite	390	390	0	0	0	0.0000	CRITICAL
SPX	SPX.2023-03-30.sqlite	390	390	0	0	0	0.0000	CRITICAL
SPX	SPX.2023-03-20.sqlite	390	390	0	0	0	0.0000	CRITICAL
SPX	SPX.2023-03-08.sqlite	390	390	0	0	0	0.0000	CRITICAL
SPX	SPX.2023-03-01.sqlite	390	390	0	0	0	0.0000	CRITICAL
SPX	SPX.2023-02-21.sqlite	390	390	0	0	0	0.0000	CRITICAL
SPX	SPX.2023-02-10.sqlite	390	390	0	0	0	0.0000	CRITICAL
SPX	SPX.2023-02-08.sqlite	390	390	0	0	0	0.0000	CRITICAL
SPX	SPX.2023-01-12.sqlite	780	780	62400	390	389	0.4987	CRITICAL
SPX	SPX.2022-12-01.sqlite	390	390	0	0	0	0.0000	CRITICAL
SPX	SPX.2022-06-02.sqlite	390	390	0	0	0	0.0000	CRITICAL
SPX	SPX.2022-06-01.sqlite	390	390	0	0	0	0.0000	CRITICAL
SPX	SPX.2021-06-10.sqlite	390	390	0	0	0	0.0000	CRITICAL
SPX	SPX.2021-06-09.sqlite	390	390	0	0	0	0.0000	CRITICAL
SPX	SPX.2021-06-08.sqlite	390	390	0	0	0	0.0000	CRITICAL
SPX	SPX.2021-06-07.sqlite	390	390	0	0	0	0.0000	CRITICAL
SPX	SPX.2021-03-26.sqlite	390	390	0	0	0	0.0000	CRITICAL
SPX	SPX.2021-03-24.sqlite	390	390	0	0	0	0.0000	CRITICAL
SPX	SPX.2020-12-24.sqlite	390	390	0	0	0	0.0000	CRITICAL
SPX	SPX.2022-01-18.sqlite	390	390	0	0	0	0.0000	CRITICAL
SPX	SPX.2021-12-27.sqlite	390	390	0	0	0	0.0000	CRITICAL
SPX	SPX.2021-12-22.sqlite	390	390	0	0	0	0.0000	CRITICAL
SPX	SPX.2021-02-08.sqlite	390	390	0	0	0	0.0000	CRITICAL
SPX	SPX.2020-12-16.sqlite	390	390	0	0	0	0.0000	CRITICAL
SPX	SPX.2024-08-14.sqlite	780	780	31200	390	389	0.4987	CRITICAL
SPX	SPX.2024-06-24.sqlite	780	780	31200	390	389	0.4987	CRITICAL
SPX	SPX.2024-06-12.sqlite	390	390	0	0	0	0.0000	CRITICAL
SPX	SPX.2024-05-15.sqlite	390	390	0	0	0	0.0000	CRITICAL
SPX	SPX.2024-05-01.sqlite	390	390	0	0	0	0.0000	CRITICAL
SPX	SPX.2024-04-17.sqlite	390	390	0	0	0	0.0000	CRITICAL
SPX	SPX.2024-04-08.sqlite	390	390	0	0	0	0.0000	CRITICAL
SPX	SPX.2024-03-27.sqlite	390	390	0	0	0	0.0000	CRITICAL
SPX	SPX.2024-03-19.sqlite	390	390	0	0	0	0.0000	CRITICAL
SPX	SPX.2024-03-11.sqlite	390	390	0	0	0	0.0000	CRITICAL
SPX	SPX.2024-02-28.sqlite	390	390	0	0	0	0.0000	CRITICAL
SPX	SPX.2024-02-21.sqlite	390	390	0	0	0	0.0000	CRITICAL
SPX	SPX.2024-02-02.sqlite	390	390	0	0	0	0.0000	CRITICAL
SPX	SPX.2024-01-29.sqlite	390	390	0	0	0	0.0000	CRITICAL
SPX	SPX.2023-01-19.sqlite	780	780	93600	390	389	0.4987	CRITICAL
SPX	SPX.2023-01-08.sqlite	0	0	0	0	0	0.0000	CRITICAL
SPX	SPX.2022-09-16.sqlite	390	390	0	0	0	0.0000	CRITICAL
SPX	SPX.2022-09-15.sqlite	390	390	0	0	0	0.0000	CRITICAL
SPX	SPX.2021-05-26.sqlite	390	390	0	0	0	0.0000	CRITICAL
SPX	SPX.2021-05-20.sqlite	390	390	0	0	0	0.0000	CRITICAL
SPX	SPX.2021-05-14.sqlite	390	390	0	0	0	0.0000	CRITICAL
SPX	SPX.2021-05-11.sqlite	390	390	0	0	0	0.0000	CRITICAL
SPX	SPX.2021-05-05.sqlite	390	390	0	0	0	0.0000	CRITICAL
SPX	SPX.2021-04-30.sqlite	390	390	0	0	0	0.0000	CRITICAL
SPX	SPX.2020-12-18.sqlite	390	390	0	0	0	0.0000	CRITICAL
SPX	SPX.2023-01-21.sqlite	0	0	0	0	0	0.0000	CRITICAL
SPX	SPX.2022-12-22.sqlite	390	390	0	0	0	0.0000	CRITICAL
SPX	SPX.2022-12-20.sqlite	390	390	0	0	0	0.0000	CRITICAL
SPX	SPX.2022-12-19.sqlite	390	390	0	0	0	0.0000	CRITICAL
SPX	SPX.2022-12-16.sqlite	390	390	0	0	0	0.0000	CRITICAL
SPX	SPX.2022-12-15.sqlite	390	390	0	0	0	0.0000	CRITICAL
SPX	SPX.2022-12-14.sqlite	390	390	0	0	0	0.0000	CRITICAL
SPX	SPX.2022-12-13.sqlite	390	390	0	0	0	0.0000	CRITICAL
SPX	SPX.2022-11-30.sqlite	390	390	0	0	0	0.0000	CRITICAL
SPX	SPX.2022-11-29.sqlite	390	390	0	0	0	0.0000	CRITICAL
SPX	SPX.2022-11-28.sqlite	390	390	0	0	0	0.0000	CRITICAL
SPX	SPX.2022-10-28.sqlite	390	390	0	0	0	0.0000	CRITICAL
SPX	SPX.2022-10-27.sqlite	390	390	0	0	0	0.0000	CRITICAL
SPX	SPX.2022-10-25.sqlite	390	390	0	0	0	0.0000	CRITICAL
SPX	SPX.2022-10-24.sqlite	390	390	0	0	0	0.0000	CRITICAL
SPX	SPX.2022-10-18.sqlite	390	390	0	0	0	0.0000	CRITICAL
SPX	SPX.2022-10-17.sqlite	390	390	0	0	0	0.0000	CRITICAL
SPX	SPX.2022-10-14.sqlite	390	390	0	0	0	0.0000	CRITICAL
SPX	SPX.2022-10-10.sqlite	390	390	0	0	0	0.0000	CRITICAL
SPX	SPX.2022-09-09.sqlite	390	390	0	0	0	0.0000	CRITICAL
SPX	SPX.2022-08-04.sqlite	390	390	0	0	0	0.0000	CRITICAL
SPX	SPX.2022-08-03.sqlite	390	390	0	0	0	0.0000	CRITICAL
SPX	SPX.2022-08-01.sqlite	390	390	0	0	0	0.0000	CRITICAL
SPX	SPX.2022-07-11.sqlite	390	390	0	0	0	0.0000	CRITICAL
SPX	SPX.2022-07-08.sqlite	390	390	0	0	0	0.0000	CRITICAL
SPX	SPX.2022-06-15.sqlite	390	390	0	0	0	0.0000	CRITICAL
SPX	SPX.2022-06-14.sqlite	390	390	0	0	0	0.0000	CRITICAL
SPX	SPX.2022-06-13.sqlite	390	390	0	0	0	0.0000	CRITICAL
SPX	SPX.2022-06-10.sqlite	390	390	0	0	0	0.0000	CRITICAL
SPX	SPX.2022-06-09.sqlite	390	390	0	0	0	0.0000	CRITICAL
SPX	SPX.2022-06-08.sqlite	390	390	0	0	0	0.0000	CRITICAL
SPX	SPX.2022-06-07.sqlite	390	390	0	0	0	0.0000	CRITICAL
SPX	SPX.2022-06-06.sqlite	390	390	0	0	0	0.0000	CRITICAL
SPX	SPX.2022-06-03.sqlite	390	390	0	0	0	0.0000	CRITICAL
SPX	SPX.2022-05-27.sqlite	390	390	0	0	0	0.0000	CRITICAL
SPX	SPX.2022-05-26.sqlite	390	390	0	0	0	0.0000	CRITICAL
SPX	SPX.2021-10-18.sqlite	390	390	0	0	0	0.0000	CRITICAL
SPX	SPX.2021-10-14.sqlite	390	390	0	0	0	0.0000	CRITICAL
SPX	SPX.2021-10-13.sqlite	390	390	0	0	0	0.0000	CRITICAL
SPX	SPX.2021-10-12.sqlite	390	390	0	0	0	0.0000	CRITICAL
SPX	SPX.2021-10-11.sqlite	390	390	0	0	0	0.0000	CRITICAL
SPX	SPX.2021-10-08.sqlite	390	390	0	0	0	0.0000	CRITICAL
SPX	SPX.2021-10-07.sqlite	390	390	0	0	0	0.0000	CRITICAL
SPX	SPX.2021-08-09.sqlite	390	390	0	0	0	0.0000	CRITICAL
SPX	SPX.2021-08-06.sqlite	390	390	0	0	0	0.0000	CRITICAL
SPX	SPX.2020-12-22.sqlite	390	390	0	0	0	0.0000	CRITICAL
SPX	SPX.2020-12-21.sqlite	390	390	0	0	0	0.0000	CRITICAL
SPX	SPX.2024-08-21.sqlite	780	780	31200	390	389	0.4987	CRITICAL
SPX	SPX.2024-08-05.sqlite	780	780	31200	390	389	0.4987	CRITICAL
SPX	SPX.2024-07-31.sqlite	390	390	0	0	0	0.0000	CRITICAL
SPX	SPX.2024-07-29.sqlite	390	390	0	0	0	0.0000	CRITICAL
SPX	SPX.2024-07-25.sqlite	390	390	0	0	0	0.0000	CRITICAL
SPX	SPX.2024-07-01.sqlite	780	780	31200	390	389	0.4987	CRITICAL
SPX	SPX.2024-06-18.sqlite	390	390	0	0	0	0.0000	CRITICAL
SPX	SPX.2024-05-29.sqlite	390	390	0	0	0	0.0000	CRITICAL
SPX	SPX.2024-05-17.sqlite	390	390	0	0	0	0.0000	CRITICAL
SPX	SPX.2024-05-14.sqlite	390	390	0	0	0	0.0000	CRITICAL
SPX	SPX.2024-05-07.sqlite	390	390	0	0	0	0.0000	CRITICAL
SPX	SPX.2024-04-30.sqlite	390	390	0	0	0	0.0000	CRITICAL
SPX	SPX.2024-04-24.sqlite	390	390	0	0	0	0.0000	CRITICAL
SPX	SPX.2024-04-16.sqlite	390	390	0	0	0	0.0000	CRITICAL
SPX	SPX.2024-04-12.sqlite	390	390	0	0	0	0.0000	CRITICAL
SPX	SPX.2024-03-28.sqlite	390	390	0	0	0	0.0000	CRITICAL
SPX	SPX.2024-03-21.sqlite	390	390	0	0	0	0.0000	CRITICAL
SPX	SPX.2024-03-13.sqlite	390	390	0	0	0	0.0000	CRITICAL
SPX	SPX.2024-03-04.sqlite	390	390	0	0	0	0.0000	CRITICAL
SPX	SPX.2024-02-26.sqlite	390	390	0	0	0	0.0000	CRITICAL
SPX	SPX.2024-02-14.sqlite	390	390	0	0	0	0.0000	CRITICAL
SPX	SPX.2024-02-08.sqlite	390	390	0	0	0	0.0000	CRITICAL
SPX	SPX.2024-01-31.sqlite	390	390	0	0	0	0.0000	CRITICAL
SPX	SPX.2024-01-24.sqlite	390	390	0	0	0	0.0000	CRITICAL
SPX	SPX.2024-01-12.sqlite	390	390	0	0	0	0.0000	CRITICAL
SPX	SPX.2024-01-08.sqlite	390	390	0	0	0	0.0000	CRITICAL
SPX	SPX.2024-01-05.sqlite	390	390	0	0	0	0.0000	CRITICAL
SPX	SPX.2023-12-28.sqlite	390	390	0	0	0	0.0000	CRITICAL
SPX	SPX.2023-12-18.sqlite	390	390	0	0	0	0.0000	CRITICAL
SPX	SPX.2023-12-12.sqlite	390	390	0	0	0	0.0000	CRITICAL
SPX	SPX.2023-11-30.sqlite	390	390	0	0	0	0.0000	CRITICAL
SPX	SPX.2023-11-27.sqlite	390	390	0	0	0	0.0000	CRITICAL
SPX	SPX.2023-11-21.sqlite	390	390	0	0	0	0.0000	CRITICAL
SPX	SPX.2023-11-09.sqlite	390	390	0	0	0	0.0000	CRITICAL
SPX	SPX.2023-11-03.sqlite	390	390	0	0	0	0.0000	CRITICAL
SPX	SPX.2023-10-24.sqlite	390	390	0	0	0	0.0000	CRITICAL
SPX	SPX.2023-01-30.sqlite	780	780	62400	390	389	0.4987	CRITICAL
SPX	SPX.2023-01-28.sqlite	0	0	0	0	0	0.0000	CRITICAL
SPX	SPX.2023-01-23.sqlite	780	780	62400	390	389	0.4987	CRITICAL
SPX	SPX.2023-01-22.sqlite	0	0	0	0	0	0.0000	CRITICAL
SPX	SPX.2022-05-24.sqlite	390	390	0	0	0	0.0000	CRITICAL
SPX	SPX.2022-04-25.sqlite	390	390	0	0	0	0.0000	CRITICAL
SPX	SPX.2022-04-19.sqlite	390	390	0	0	0	0.0000	CRITICAL
SPX	SPX.2022-02-24.sqlite	390	390	0	0	0	0.0000	CRITICAL
SPX	SPX.2022-02-23.sqlite	390	390	0	0	0	0.0000	CRITICAL
SPX	SPX.2021-11-22.sqlite	390	390	0	0	0	0.0000	CRITICAL
SPX	SPX.2021-11-19.sqlite	390	390	0	0	0	0.0000	CRITICAL
SPX	SPX.2021-11-18.sqlite	390	390	0	0	0	0.0000	CRITICAL
SPX	SPX.2021-11-11.sqlite	390	390	0	0	0	0.0000	CRITICAL
SPX	SPX.2021-06-30.sqlite	390	390	0	0	0	0.0000	CRITICAL
SPX	SPX.2021-06-22.sqlite	390	390	0	0	0	0.0000	CRITICAL
SPX	SPX.2021-06-16.sqlite	390	390	0	0	0	0.0000	CRITICAL
SPX	SPX.2021-05-10.sqlite	390	390	0	0	0	0.0000	CRITICAL
SPX	SPX.2021-02-22.sqlite	390	390	0	0	0	0.0000	CRITICAL
SPX	SPX.2021-02-19.sqlite	390	390	0	0	0	0.0000	CRITICAL
SPX	SPX.2020-12-09.sqlite	390	390	0	0	0	0.0000	CRITICAL
SPX	SPX.2022-05-18.sqlite	390	390	0	0	0	0.0000	CRITICAL
SPX	SPX.2022-05-17.sqlite	390	390	0	0	0	0.0000	CRITICAL
SPX	SPX.2022-05-16.sqlite	390	390	0	0	0	0.0000	CRITICAL
SPX	SPX.2022-05-05.sqlite	390	390	0	0	0	0.0000	CRITICAL
SPX	SPX.2022-04-26.sqlite	390	390	0	0	0	0.0000	CRITICAL
SPX	SPX.2022-04-21.sqlite	390	390	0	0	0	0.0000	CRITICAL
SPX	SPX.2022-04-05.sqlite	390	390	0	0	0	0.0000	CRITICAL
SPX	SPX.2022-04-04.sqlite	390	390	0	0	0	0.0000	CRITICAL
SPX	SPX.2022-04-01.sqlite	390	390	0	0	0	0.0000	CRITICAL
SPX	SPX.2022-03-04.sqlite	390	390	0	0	0	0.0000	CRITICAL
SPX	SPX.2021-12-07.sqlite	390	390	0	0	0	0.0000	CRITICAL
SPX	SPX.2021-04-29.sqlite	390	390	0	0	0	0.0000	CRITICAL
SPX	SPX.2021-01-22.sqlite	390	390	0	0	0	0.0000	CRITICAL
SPX	SPX.2021-01-21.sqlite	390	390	0	0	0	0.0000	CRITICAL
SPX	SPX.2020-12-11.sqlite	390	390	0	0	0	0.0000	CRITICAL
SPX	SPX.2024-08-20.sqlite	780	780	31200	390	389	0.4987	CRITICAL
SPX	SPX.2024-08-02.sqlite	780	780	31200	390	389	0.4987	CRITICAL
SPX	SPX.2024-08-01.sqlite	390	390	0	0	0	0.0000	CRITICAL
SPX	SPX.2024-07-30.sqlite	390	390	0	0	0	0.0000	CRITICAL
SPX	SPX.2024-07-24.sqlite	390	390	0	0	0	0.0000	CRITICAL
SPX	SPX.2024-07-22.sqlite	390	390	0	0	0	0.0000	CRITICAL
SPX	SPX.2024-07-19.sqlite	390	390	0	0	0	0.0000	CRITICAL
SPX	SPX.2024-07-18.sqlite	390	390	0	0	0	0.0000	CRITICAL
SPX	SPX.2024-07-15.sqlite	390	390	0	0	0	0.0000	CRITICAL
SPX	SPX.2024-07-12.sqlite	390	390	0	0	0	0.0000	CRITICAL
SPX	SPX.2024-07-11.sqlite	390	390	0	0	0	0.0000	CRITICAL
SPX	SPX.2024-06-25.sqlite	780	780	31200	390	389	0.4987	CRITICAL
SPX	SPX.2024-06-17.sqlite	390	390	0	0	0	0.0000	CRITICAL
SPX	SPX.2024-06-05.sqlite	390	390	0	0	0	0.0000	CRITICAL
SPX	SPX.2024-05-28.sqlite	390	390	0	0	0	0.0000	CRITICAL
SPX	SPX.2024-05-21.sqlite	390	390	0	0	0	0.0000	CRITICAL
SPX	SPX.2024-05-03.sqlite	390	390	0	0	0	0.0000	CRITICAL
SPX	SPX.2024-04-18.sqlite	390	390	0	0	0	0.0000	CRITICAL
SPX	SPX.2024-04-11.sqlite	390	390	0	0	0	0.0000	CRITICAL
SPX	SPX.2024-04-03.sqlite	390	390	0	0	0	0.0000	CRITICAL
SPX	SPX.2024-03-26.sqlite	390	390	0	0	0	0.0000	CRITICAL
SPX	SPX.2024-03-15.sqlite	390	390	0	0	0	0.0000	CRITICAL
SPX	SPX.2024-03-07.sqlite	390	390	0	0	0	0.0000	CRITICAL
SPX	SPX.2024-02-27.sqlite	390	390	0	0	0	0.0000	CRITICAL
SPX	SPX.2024-02-20.sqlite	390	390	0	0	0	0.0000	CRITICAL
SPX	SPX.2024-02-12.sqlite	390	390	0	0	0	0.0000	CRITICAL
SPX	SPX.2024-02-07.sqlite	390	390	0	0	0	0.0000	CRITICAL
SPX	SPX.2024-01-26.sqlite	390	390	0	0	0	0.0000	CRITICAL
SPX	SPX.2024-01-18.sqlite	390	390	0	0	0	0.0000	CRITICAL
SPX	SPX.2024-01-10.sqlite	390	390	0	0	0	0.0000	CRITICAL
SPX	SPX.2023-12-22.sqlite	390	390	0	0	0	0.0000	CRITICAL
SPX	SPX.2023-12-15.sqlite	390	390	0	0	0	0.0000	CRITICAL
SPX	SPX.2023-12-08.sqlite	390	390	0	0	0	0.0000	CRITICAL
SPX	SPX.2023-12-04.sqlite	390	390	0	0	0	0.0000	CRITICAL
SPX	SPX.2023-11-29.sqlite	390	390	0	0	0	0.0000	CRITICAL
SPX	SPX.2023-11-22.sqlite	390	390	0	0	0	0.0000	CRITICAL
SPX	SPX.2023-11-16.sqlite	390	390	0	0	0	0.0000	CRITICAL
SPX	SPX.2023-11-10.sqlite	390	390	0	0	0	0.0000	CRITICAL
SPX	SPX.2023-11-01.sqlite	390	390	0	0	0	0.0000	CRITICAL
SPX	SPX.2023-10-18.sqlite	390	390	0	0	0	0.0000	CRITICAL
SPX	SPX.2023-10-16.sqlite	390	390	0	0	0	0.0000	CRITICAL
SPX	SPX.2023-10-12.sqlite	390	390	0	0	0	0.0000	CRITICAL
SPX	SPX.2023-10-11.sqlite	390	390	0	0	0	0.0000	CRITICAL
SPX	SPX.2023-10-06.sqlite	390	390	0	0	0	0.0000	CRITICAL
SPX	SPX.2023-10-05.sqlite	390	390	0	0	0	0.0000	CRITICAL
SPX	SPX.2023-09-28.sqlite	390	390	0	0	0	0.0000	CRITICAL
SPX	SPX.2023-09-26.sqlite	390	390	0	0	0	0.0000	CRITICAL
SPX	SPX.2023-09-22.sqlite	390	390	0	0	0	0.0000	CRITICAL
SPX	SPX.2023-09-18.sqlite	390	390	0	0	0	0.0000	CRITICAL
SPX	SPX.2023-09-12.sqlite	390	390	0	0	0	0.0000	CRITICAL
SPX	SPX.2023-09-06.sqlite	390	390	0	0	0	0.0000	CRITICAL
SPX	SPX.2023-08-30.sqlite	390	390	0	0	0	0.0000	CRITICAL
SPX	SPX.2023-08-29.sqlite	390	390	0	0	0	0.0000	CRITICAL
SPX	SPX.2023-08-23.sqlite	390	390	0	0	0	0.0000	CRITICAL
SPX	SPX.2023-01-17.sqlite	780	780	93600	390	389	0.4987	CRITICAL
SPX	SPX.2023-01-07.sqlite	0	0	0	0	0	0.0000	CRITICAL
SPX	SPX.2022-03-03.sqlite	390	390	0	0	0	0.0000	CRITICAL
SPX	SPX.2022-03-02.sqlite	390	390	0	0	0	0.0000	CRITICAL
SPX	SPX.2022-03-01.sqlite	390	390	0	0	0	0.0000	CRITICAL
SPX	SPX.2022-02-28.sqlite	390	390	0	0	0	0.0000	CRITICAL
SPX	SPX.2022-02-25.sqlite	390	390	0	0	0	0.0000	CRITICAL
SPX	SPX.2021-03-29.sqlite	390	390	0	0	0	0.0000	CRITICAL
SPX	SPX.2020-12-23.sqlite	390	390	0	0	0	0.0000	CRITICAL
SPX	SPX.2020-12-10.sqlite	390	390	0	0	0	0.0000	CRITICAL
SPX	SPX.2023-05-09.sqlite	390	390	0	0	0	0.0000	CRITICAL
SPX	SPX.2023-04-28.sqlite	390	390	0	0	0	0.0000	CRITICAL
SPX	SPX.2023-04-17.sqlite	390	390	0	0	0	0.0000	CRITICAL
SPX	SPX.2023-04-12.sqlite	390	390	0	0	0	0.0000	CRITICAL
SPX	SPX.2023-04-03.sqlite	390	390	0	0	0	0.0000	CRITICAL
SPX	SPX.2023-03-31.sqlite	390	390	0	0	0	0.0000	CRITICAL
SPX	SPX.2023-03-27.sqlite	390	390	0	0	0	0.0000	CRITICAL
SPX	SPX.2023-03-22.sqlite	390	390	0	0	0	0.0000	CRITICAL
SPX	SPX.2023-03-15.sqlite	390	390	0	0	0	0.0000	CRITICAL
SPX	SPX.2023-03-07.sqlite	390	390	0	0	0	0.0000	CRITICAL
SPX	SPX.2023-02-28.sqlite	390	390	0	0	0	0.0000	CRITICAL
SPX	SPX.2023-02-24.sqlite	390	390	0	0	0	0.0000	CRITICAL
SPX	SPX.2023-02-14.sqlite	390	390	0	0	0	0.0000	CRITICAL
SPX	SPX.2023-02-07.sqlite	390	390	0	0	0	0.0000	CRITICAL
SPX	SPX.2023-01-24.sqlite	780	780	62400	390	389	0.4987	CRITICAL
SPX	SPX.2022-03-14.sqlite	390	390	0	0	0	0.0000	CRITICAL
SPX	SPX.2021-11-30.sqlite	390	390	0	0	0	0.0000	CRITICAL
SPX	SPX.2021-11-15.sqlite	390	390	0	0	0	0.0000	CRITICAL
SPX	SPX.2021-06-04.sqlite	390	390	0	0	0	0.0000	CRITICAL
SPX	SPX.2021-03-25.sqlite	390	390	0	0	0	0.0000	CRITICAL
SPX	SPX.2021-03-11.sqlite	390	390	0	0	0	0.0000	CRITICAL
SPX	SPX.2021-03-10.sqlite	390	390	0	0	0	0.0000	CRITICAL
SPX	SPX.2021-03-09.sqlite	390	390	0	0	0	0.0000	CRITICAL
SPX	SPX.2021-03-08.sqlite	390	390	0	0	0	0.0000	CRITICAL
SPX	SPX.2021-03-05.sqlite	390	390	0	0	0	0.0000	CRITICAL
SPX	SPX.2021-03-04.sqlite	390	390	0	0	0	0.0000	CRITICAL
SPX	SPX.2021-03-03.sqlite	390	390	0	0	0	0.0000	CRITICAL
SPX	SPX.2021-03-02.sqlite	390	390	0	0	0	0.0000	CRITICAL
SPX	SPX.2021-03-01.sqlite	390	390	0	0	0	0.0000	CRITICAL
SPX	SPX.2021-02-26.sqlite	390	390	0	0	0	0.0000	CRITICAL
SPX	SPX.2021-02-25.sqlite	390	390	0	0	0	0.0000	CRITICAL
SPX	SPX.2021-02-24.sqlite	390	390	0	0	0	0.0000	CRITICAL
SPX	SPX.2021-02-23.sqlite	390	390	0	0	0	0.0000	CRITICAL
SPX	SPX.2020-12-14.sqlite	390	390	0	0	0	0.0000	CRITICAL
SPX	SPX.2022-05-02.sqlite	390	390	0	0	0	0.0000	CRITICAL
SPX	SPX.2022-04-29.sqlite	390	390	0	0	0	0.0000	CRITICAL
SPX	SPX.2022-04-28.sqlite	390	390	0	0	0	0.0000	CRITICAL
SPX	SPX.2021-06-02.sqlite	390	390	0	0	0	0.0000	CRITICAL
SPX	SPX.2021-06-01.sqlite	390	390	0	0	0	0.0000	CRITICAL
SPX	SPX.2021-05-25.sqlite	390	390	0	0	0	0.0000	CRITICAL
SPX	SPX.2021-05-24.sqlite	390	390	0	0	0	0.0000	CRITICAL
SPX	SPX.2021-05-21.sqlite	390	390	0	0	0	0.0000	CRITICAL
SPX	SPX.2021-01-13.sqlite	390	390	0	0	0	0.0000	CRITICAL
SPX	SPX.2020-12-08.sqlite	390	390	0	0	0	0.0000	CRITICAL
SPX	SPX.2022-04-13.sqlite	390	390	0	0	0	0.0000	CRITICAL
SPX	SPX.2022-03-29.sqlite	390	390	0	0	0	0.0000	CRITICAL
SPX	SPX.2022-03-16.sqlite	390	390	0	0	0	0.0000	CRITICAL
SPX	SPX.2021-08-11.sqlite	390	390	0	0	0	0.0000	CRITICAL
SPX	SPX.2021-08-10.sqlite	390	390	0	0	0	0.0000	CRITICAL
SPX	SPX.2021-08-05.sqlite	390	390	0	0	0	0.0000	CRITICAL
SPX	SPX.2021-08-04.sqlite	390	390	0	0	0	0.0000	CRITICAL
SPX	SPX.2021-01-12.sqlite	390	390	0	0	0	0.0000	CRITICAL
SPX	SPX.2020-12-07.sqlite	390	390	0	0	0	0.0000	CRITICAL
SPX	SPX.2024-08-28.sqlite	780	780	31200	390	389	0.4987	CRITICAL
SPX	SPX.2024-07-10.sqlite	780	780	31200	390	389	0.4987	CRITICAL
SPX	SPX.2023-08-08.sqlite	780	780	62400	390	389	0.4987	CRITICAL
SPX	SPX.2023-07-31.sqlite	390	390	0	0	0	0.0000	CRITICAL
SPX	SPX.2023-07-19.sqlite	390	390	0	0	0	0.0000	CRITICAL
SPX	SPX.2023-07-13.sqlite	390	390	0	0	0	0.0000	CRITICAL
SPX	SPX.2023-06-30.sqlite	390	390	0	0	0	0.0000	CRITICAL
SPX	SPX.2023-06-21.sqlite	390	390	0	0	0	0.0000	CRITICAL
SPX	SPX.2023-06-14.sqlite	390	390	0	0	0	0.0000	CRITICAL
SPX	SPX.2023-06-08.sqlite	390	390	0	0	0	0.0000	CRITICAL
SPX	SPX.2023-06-06.sqlite	390	390	0	0	0	0.0000	CRITICAL
SPX	SPX.2023-05-23.sqlite	390	390	0	0	0	0.0000	CRITICAL
SPX	SPX.2023-05-17.sqlite	390	390	0	0	0	0.0000	CRITICAL
SPX	SPX.2023-05-11.sqlite	390	390	0	0	0	0.0000	CRITICAL
SPX	SPX.2022-04-27.sqlite	390	390	0	0	0	0.0000	CRITICAL
SPX	SPX.2021-06-24.sqlite	390	390	0	0	0	0.0000	CRITICAL
SPX	SPX.2021-02-03.sqlite	390	390	0	0	0	0.0000	CRITICAL
SPX	SPX.2020-11-27.sqlite	390	390	0	0	0	0.0000	CRITICAL
SPX	SPX.2020-11-25.sqlite	390	390	0	0	0	0.0000	CRITICAL
SPX	SPX.2020-11-24.sqlite	390	390	0	0	0	0.0000	CRITICAL
SPX	SPX.2020-11-23.sqlite	390	390	0	0	0	0.0000	CRITICAL
SPX	SPX.2020-11-20.sqlite	390	390	0	0	0	0.0000	CRITICAL
SPX	SPX.2025-08-18.sqlite	390	390	0	0	0	0.0000	CRITICAL
SPX	SPX.2025-08-07.sqlite	390	390	0	0	0	0.0000	CRITICAL
SPX	SPX.2025-08-01.sqlite	390	390	0	0	0	0.0000	CRITICAL
SPX	SPX.2025-07-24.sqlite	390	390	0	0	0	0.0000	CRITICAL
SPX	SPX.2025-07-17.sqlite	390	390	0	0	0	0.0000	CRITICAL
SPX	SPX.2025-07-09.sqlite	390	390	0	0	0	0.0000	CRITICAL
SPX	SPX.2025-06-27.sqlite	390	390	0	0	0	0.0000	CRITICAL
SPX	SPX.2025-06-16.sqlite	390	390	0	0	0	0.0000	CRITICAL
SPX	SPX.2025-06-05.sqlite	390	390	0	0	0	0.0000	CRITICAL
SPX	SPX.2025-05-28.sqlite	390	390	0	0	0	0.0000	CRITICAL
SPX	SPX.2025-05-23.sqlite	390	390	0	0	0	0.0000	CRITICAL
SPX	SPX.2025-05-12.sqlite	390	390	0	0	0	0.0000	CRITICAL
SPX	SPX.2025-05-07.sqlite	390	390	0	0	0	0.0000	CRITICAL
SPX	SPX.2025-04-29.sqlite	390	390	0	0	0	0.0000	CRITICAL
SPX	SPX.2025-04-24.sqlite	390	390	0	0	0	0.0000	CRITICAL
SPX	SPX.2025-04-17.sqlite	390	390	0	0	0	0.0000	CRITICAL
SPX	SPX.2025-04-11.sqlite	390	390	0	0	0	0.0000	CRITICAL
SPX	SPX.2025-04-03.sqlite	390	390	0	0	0	0.0000	CRITICAL
SPX	SPX.2025-03-20.sqlite	390	390	0	0	0	0.0000	CRITICAL
SPX	SPX.2025-03-14.sqlite	390	390	0	0	0	0.0000	CRITICAL
SPX	SPX.2024-08-16.sqlite	780	780	15600	390	389	0.4987	CRITICAL
SPX	SPX.2024-06-26.sqlite	780	780	31200	390	389	0.4987	CRITICAL
SPX	SPX.2024-06-14.sqlite	390	390	0	0	0	0.0000	CRITICAL
SPX	SPX.2024-06-03.sqlite	390	390	0	0	0	0.0000	CRITICAL
SPX	SPX.2024-05-23.sqlite	390	390	0	0	0	0.0000	CRITICAL
SPX	SPX.2024-05-06.sqlite	390	390	0	0	0	0.0000	CRITICAL
SPX	SPX.2024-04-29.sqlite	390	390	0	0	0	0.0000	CRITICAL
SPX	SPX.2024-04-19.sqlite	390	390	0	0	0	0.0000	CRITICAL
SPX	SPX.2024-04-02.sqlite	390	390	0	0	0	0.0000	CRITICAL
SPX	SPX.2024-03-18.sqlite	390	390	0	0	0	0.0000	CRITICAL
SPX	SPX.2024-03-01.sqlite	390	390	0	0	0	0.0000	CRITICAL
SPX	SPX.2024-02-09.sqlite	390	390	0	0	0	0.0000	CRITICAL
SPX	SPX.2024-01-30.sqlite	390	390	0	0	0	0.0000	CRITICAL
SPX	SPX.2023-01-18.sqlite	780	780	93600	390	389	0.4987	CRITICAL
SPX	SPX.2023-01-01.sqlite	0	0	0	0	0	0.0000	CRITICAL
SPX	SPX.2022-12-30.sqlite	390	390	0	0	0	0.0000	CRITICAL
SPX	SPX.2022-11-07.sqlite	390	390	0	0	0	0.0000	CRITICAL
SPX	SPX.2022-11-04.sqlite	390	390	0	0	0	0.0000	CRITICAL
SPX	SPX.2022-11-03.sqlite	390	390	0	0	0	0.0000	CRITICAL
SPX	SPX.2022-11-02.sqlite	390	390	0	0	0	0.0000	CRITICAL
SPX	SPX.2022-11-01.sqlite	390	390	0	0	0	0.0000	CRITICAL
SPX	SPX.2022-09-12.sqlite	390	390	0	0	0	0.0000	CRITICAL
SPX	SPX.2022-09-08.sqlite	390	390	0	0	0	0.0000	CRITICAL
SPX	SPX.2022-09-07.sqlite	390	390	0	0	0	0.0000	CRITICAL
SPX	SPX.2022-08-26.sqlite	390	390	0	0	0	0.0000	CRITICAL
SPX	SPX.2022-08-25.sqlite	390	390	0	0	0	0.0000	CRITICAL
SPX	SPX.2022-08-24.sqlite	390	390	0	0	0	0.0000	CRITICAL
SPX	SPX.2022-08-23.sqlite	390	390	0	0	0	0.0000	CRITICAL
SPX	SPX.2022-08-22.sqlite	390	390	0	0	0	0.0000	CRITICAL
SPX	SPX.2022-08-18.sqlite	390	390	0	0	0	0.0000	CRITICAL
SPX	SPX.2022-06-29.sqlite	390	390	0	0	0	0.0000	CRITICAL
SPX	SPX.2022-06-28.sqlite	390	390	0	0	0	0.0000	CRITICAL
SPX	SPX.2022-06-27.sqlite	390	390	0	0	0	0.0000	CRITICAL
SPX	SPX.2022-06-24.sqlite	390	390	0	0	0	0.0000	CRITICAL
SPX	SPX.2022-06-23.sqlite	390	390	0	0	0	0.0000	CRITICAL
SPX	SPX.2022-06-22.sqlite	390	390	0	0	0	0.0000	CRITICAL
SPX	SPX.2022-06-21.sqlite	390	390	0	0	0	0.0000	CRITICAL
SPX	SPX.2022-06-17.sqlite	390	390	0	0	0	0.0000	CRITICAL
SPX	SPX.2022-06-16.sqlite	390	390	0	0	0	0.0000	CRITICAL
SPX	SPX.2022-05-25.sqlite	390	390	0	0	0	0.0000	CRITICAL
SPX	SPX.2021-06-28.sqlite	390	390	0	0	0	0.0000	CRITICAL
SPX	SPX.2021-05-07.sqlite	390	390	0	0	0	0.0000	CRITICAL
SPX	SPX.2021-05-06.sqlite	390	390	0	0	0	0.0000	CRITICAL
SPX	SPX.2021-01-15.sqlite	390	390	0	0	0	0.0000	CRITICAL
SPX	SPX.2020-11-06.sqlite	390	390	0	0	0	0.0000	CRITICAL
SPX	SPX.2022-12-21.sqlite	390	390	0	0	0	0.0000	CRITICAL
SPX	SPX.2022-12-05.sqlite	390	390	0	0	0	0.0000	CRITICAL
SPX	SPX.2022-12-02.sqlite	390	390	0	0	0	0.0000	CRITICAL
SPX	SPX.2022-10-21.sqlite	390	390	0	0	0	0.0000	CRITICAL
SPX	SPX.2022-10-20.sqlite	390	390	0	0	0	0.0000	CRITICAL
SPX	SPX.2022-09-06.sqlite	390	390	0	0	0	0.0000	CRITICAL
SPX	SPX.2022-09-02.sqlite	390	390	0	0	0	0.0000	CRITICAL
SPX	SPX.2022-09-01.sqlite	390	390	0	0	0	0.0000	CRITICAL
SPX	SPX.2022-08-31.sqlite	390	390	0	0	0	0.0000	CRITICAL
SPX	SPX.2022-08-30.sqlite	390	390	0	0	0	0.0000	CRITICAL
SPX	SPX.2022-08-29.sqlite	390	390	0	0	0	0.0000	CRITICAL
SPX	SPX.2022-08-19.sqlite	390	390	0	0	0	0.0000	CRITICAL
SPX	SPX.2022-08-16.sqlite	390	390	0	0	0	0.0000	CRITICAL
SPX	SPX.2022-07-29.sqlite	390	390	0	0	0	0.0000	CRITICAL
SPX	SPX.2022-07-28.sqlite	390	390	0	0	0	0.0000	CRITICAL
SPX	SPX.2022-07-27.sqlite	390	390	0	0	0	0.0000	CRITICAL
SPX	SPX.2022-07-26.sqlite	390	390	0	0	0	0.0000	CRITICAL
SPX	SPX.2022-07-25.sqlite	390	390	0	0	0	0.0000	CRITICAL
SPX	SPX.2022-07-22.sqlite	390	390	0	0	0	0.0000	CRITICAL
SPX	SPX.2022-07-21.sqlite	390	390	0	0	0	0.0000	CRITICAL
SPX	SPX.2022-07-20.sqlite	390	390	0	0	0	0.0000	CRITICAL
SPX	SPX.2022-07-19.sqlite	390	390	0	0	0	0.0000	CRITICAL
SPX	SPX.2022-07-18.sqlite	390	390	0	0	0	0.0000	CRITICAL
SPX	SPX.2022-07-15.sqlite	390	390	0	0	0	0.0000	CRITICAL
SPX	SPX.2022-07-13.sqlite	390	390	0	0	0	0.0000	CRITICAL
SPX	SPX.2022-07-12.sqlite	390	390	0	0	0	0.0000	CRITICAL
SPX	SPX.2022-07-07.sqlite	390	390	0	0	0	0.0000	CRITICAL
SPX	SPX.2022-07-06.sqlite	390	390	0	0	0	0.0000	CRITICAL
SPX	SPX.2021-11-01.sqlite	390	390	0	0	0	0.0000	CRITICAL
SPX	SPX.2021-06-18.sqlite	390	390	0	0	0	0.0000	CRITICAL
SPX	SPX.2021-05-28.sqlite	390	390	0	0	0	0.0000	CRITICAL
SPX	SPX.2021-05-27.sqlite	390	390	0	0	0	0.0000	CRITICAL
SPX	SPX.2021-04-26.sqlite	390	390	0	0	0	0.0000	CRITICAL
SPX	SPX.2021-04-05.sqlite	390	390	0	0	0	0.0000	CRITICAL
SPX	SPX.2021-01-29.sqlite	390	390	0	0	0	0.0000	CRITICAL
SPX	SPX.2021-01-28.sqlite	390	390	0	0	0	0.0000	CRITICAL
SPX	SPX.2020-11-03.sqlite	390	390	0	0	0	0.0000	CRITICAL
SPX	SPX.2022-03-11.sqlite	390	390	0	0	0	0.0000	CRITICAL
SPX	SPX.2021-12-14.sqlite	390	390	0	0	0	0.0000	CRITICAL
SPX	SPX.2021-11-23.sqlite	390	390	0	0	0	0.0000	CRITICAL
SPX	SPX.2021-11-12.sqlite	390	390	0	0	0	0.0000	CRITICAL
SPX	SPX.2021-06-25.sqlite	390	390	0	0	0	0.0000	CRITICAL
SPX	SPX.2020-11-12.sqlite	390	390	0	0	0	0.0000	CRITICAL
SPX	SPX.2020-10-29.sqlite	390	390	0	0	0	0.0000	CRITICAL
SPX	SPX.2023-01-16.sqlite	0	0	0	0	0	0.0000	CRITICAL
SPX	SPX.2023-01-15.sqlite	0	0	0	0	0	0.0000	CRITICAL
SPX	SPX.2022-10-31.sqlite	390	390	0	0	0	0.0000	CRITICAL
SPX	SPX.2022-10-26.sqlite	390	390	0	0	0	0.0000	CRITICAL
SPX	SPX.2022-10-07.sqlite	390	390	0	0	0	0.0000	CRITICAL
SPX	SPX.2022-10-06.sqlite	390	390	0	0	0	0.0000	CRITICAL
SPX	SPX.2022-10-05.sqlite	390	390	0	0	0	0.0000	CRITICAL
SPX	SPX.2022-10-04.sqlite	390	390	0	0	0	0.0000	CRITICAL
SPX	SPX.2022-10-03.sqlite	390	390	0	0	0	0.0000	CRITICAL
SPX	SPX.2022-09-30.sqlite	390	390	0	0	0	0.0000	CRITICAL
SPX	SPX.2022-09-29.sqlite	390	390	0	0	0	0.0000	CRITICAL
SPX	SPX.2022-09-28.sqlite	390	390	0	0	0	0.0000	CRITICAL
SPX	SPX.2022-09-27.sqlite	390	390	0	0	0	0.0000	CRITICAL
SPX	SPX.2022-09-26.sqlite	390	390	0	0	0	0.0000	CRITICAL
SPX	SPX.2022-09-23.sqlite	390	390	0	0	0	0.0000	CRITICAL
SPX	SPX.2022-09-22.sqlite	390	390	0	0	0	0.0000	CRITICAL
SPX	SPX.2022-09-21.sqlite	390	390	0	0	0	0.0000	CRITICAL
SPX	SPX.2022-09-20.sqlite	390	390	0	0	0	0.0000	CRITICAL
SPX	SPX.2022-09-19.sqlite	390	390	0	0	0	0.0000	CRITICAL
SPX	SPX.2022-05-31.sqlite	390	390	0	0	0	0.0000	CRITICAL
SPX	SPX.2020-11-19.sqlite	390	390	0	0	0	0.0000	CRITICAL
SPX	SPX.2020-11-18.sqlite	390	390	0	0	0	0.0000	CRITICAL
SPX	SPX.2020-11-17.sqlite	390	390	0	0	0	0.0000	CRITICAL
SPX	SPX.2020-11-16.sqlite	390	390	0	0	0	0.0000	CRITICAL
SPX	SPX.2020-11-13.sqlite	390	390	0	0	0	0.0000	CRITICAL
SPX	SPX.2020-11-11.sqlite	390	390	0	0	0	0.0000	CRITICAL
SPX	SPX.2020-11-10.sqlite	390	390	0	0	0	0.0000	CRITICAL
SPX	SPX.2020-11-09.sqlite	390	390	0	0	0	0.0000	CRITICAL
SPX	SPX.2020-10-27.sqlite	390	390	0	0	0	0.0000	CRITICAL
SPX	SPX.2024-08-09.sqlite	780	780	31200	390	389	0.4987	CRITICAL
SPX	SPX.2023-08-11.sqlite	780	780	62400	390	389	0.4987	CRITICAL
SPX	SPX.2023-08-04.sqlite	390	390	0	0	0	0.0000	CRITICAL
SPX	SPX.2023-07-26.sqlite	390	390	0	0	0	0.0000	CRITICAL
SPX	SPX.2023-07-14.sqlite	390	390	0	0	0	0.0000	CRITICAL
SPX	SPX.2023-07-06.sqlite	390	390	0	0	0	0.0000	CRITICAL
SPX	SPX.2023-06-29.sqlite	390	390	0	0	0	0.0000	CRITICAL
SPX	SPX.2023-06-20.sqlite	390	390	0	0	0	0.0000	CRITICAL
SPX	SPX.2023-06-02.sqlite	390	390	0	0	0	0.0000	CRITICAL
SPX	SPX.2023-05-30.sqlite	390	390	0	0	0	0.0000	CRITICAL
SPX	SPX.2023-05-24.sqlite	390	390	0	0	0	0.0000	CRITICAL
SPX	SPX.2023-05-15.sqlite	390	390	0	0	0	0.0000	CRITICAL
SPX	SPX.2023-05-02.sqlite	390	390	0	0	0	0.0000	CRITICAL
SPX	SPX.2023-04-25.sqlite	390	390	0	0	0	0.0000	CRITICAL
SPX	SPX.2023-04-19.sqlite	390	390	0	0	0	0.0000	CRITICAL
SPX	SPX.2023-04-14.sqlite	390	390	0	0	0	0.0000	CRITICAL
SPX	SPX.2023-03-28.sqlite	390	390	0	0	0	0.0000	CRITICAL
SPX	SPX.2023-03-17.sqlite	390	390	0	0	0	0.0000	CRITICAL
SPX	SPX.2023-03-13.sqlite	390	390	0	0	0	0.0000	CRITICAL
SPX	SPX.2023-03-10.sqlite	390	390	0	0	0	0.0000	CRITICAL
SPX	SPX.2023-03-02.sqlite	390	390	0	0	0	0.0000	CRITICAL
SPX	SPX.2023-02-27.sqlite	390	390	0	0	0	0.0000	CRITICAL
SPX	SPX.2023-02-22.sqlite	390	390	0	0	0	0.0000	CRITICAL
SPX	SPX.2023-02-16.sqlite	390	390	0	0	0	0.0000	CRITICAL
SPX	SPX.2023-02-09.sqlite	390	390	0	0	0	0.0000	CRITICAL
SPX	SPX.2023-01-20.sqlite	780	780	62400	390	389	0.4987	CRITICAL
SPX	SPX.2021-10-28.sqlite	390	390	0	0	0	0.0000	CRITICAL
SPX	SPX.2021-10-20.sqlite	390	390	0	0	0	0.0000	CRITICAL
SPX	SPX.2021-10-15.sqlite	390	390	0	0	0	0.0000	CRITICAL
SPX	SPX.2021-08-17.sqlite	390	390	0	0	0	0.0000	CRITICAL
SPX	SPX.2021-04-27.sqlite	390	390	0	0	0	0.0000	CRITICAL
SPX	SPX.2021-03-17.sqlite	390	390	0	0	0	0.0000	CRITICAL
SPX	SPX.2021-03-16.sqlite	390	390	0	0	0	0.0000	CRITICAL
SPX	SPX.2021-02-18.sqlite	390	390	0	0	0	0.0000	CRITICAL
SPX	SPX.2021-02-17.sqlite	390	390	0	0	0	0.0000	CRITICAL
SPX	SPX.2020-10-28.sqlite	390	390	0	0	0	0.0000	CRITICAL
SPX	SPX.2020-10-23.sqlite	390	390	0	0	0	0.0000	CRITICAL
SPX	SPX.2022-05-04.sqlite	390	390	0	0	0	0.0000	CRITICAL
SPX	SPX.2022-04-22.sqlite	390	390	0	0	0	0.0000	CRITICAL
SPX	SPX.2022-02-15.sqlite	390	390	0	0	0	0.0000	CRITICAL
SPX	SPX.2022-02-08.sqlite	390	390	0	0	0	0.0000	CRITICAL
SPX	SPX.2022-02-04.sqlite	390	390	0	0	0	0.0000	CRITICAL
SPX	SPX.2022-02-02.sqlite	390	390	0	0	0	0.0000	CRITICAL
SPX	SPX.2022-02-01.sqlite	390	390	0	0	0	0.0000	CRITICAL
SPX	SPX.2021-12-13.sqlite	390	390	0	0	0	0.0000	CRITICAL
SPX	SPX.2021-12-10.sqlite	390	390	0	0	0	0.0000	CRITICAL
SPX	SPX.2021-12-09.sqlite	390	390	0	0	0	0.0000	CRITICAL
SPX	SPX.2021-10-25.sqlite	390	390	0	0	0	0.0000	CRITICAL
SPX	SPX.2021-03-31.sqlite	390	390	0	0	0	0.0000	CRITICAL
SPX	SPX.2021-02-09.sqlite	390	390	0	0	0	0.0000	CRITICAL
SPX	SPX.2020-12-17.sqlite	390	390	0	0	0	0.0000	CRITICAL
SPX	SPX.2020-12-01.sqlite	390	390	0	0	0	0.0000	CRITICAL
SPX	SPX.2020-10-22.sqlite	390	390	0	0	0	0.0000	CRITICAL
SPX	SPX.2020-10-21.sqlite	390	390	0	0	0	0.0000	CRITICAL
SPX	SPX.2020-10-20.sqlite	390	390	0	0	0	0.0000	CRITICAL
SPX	SPX.2021-11-04.sqlite	390	390	0	0	0	0.0000	CRITICAL
SPX	SPX.2020-12-04.sqlite	390	390	0	0	0	0.0000	CRITICAL
SPX	SPX.2020-12-03.sqlite	390	390	0	0	0	0.0000	CRITICAL
SPX	SPX.2020-12-02.sqlite	390	390	0	0	0	0.0000	CRITICAL
SPX	SPX.2020-11-30.sqlite	390	390	0	0	0	0.0000	CRITICAL
SPX	SPX.2020-10-16.sqlite	390	390	0	0	0	0.0000	CRITICAL
SPX	SPX.2022-03-07.sqlite	390	390	0	0	0	0.0000	CRITICAL
SPX	SPX.2021-12-17.sqlite	390	390	0	0	0	0.0000	CRITICAL
SPX	SPX.2021-12-16.sqlite	390	390	0	0	0	0.0000	CRITICAL
SPX	SPX.2021-12-02.sqlite	390	390	0	0	0	0.0000	CRITICAL
SPX	SPX.2020-10-19.sqlite	390	390	0	0	0	0.0000	CRITICAL
SPX	SPX.2020-10-15.sqlite	390	390	0	0	0	0.0000	CRITICAL
SPX	SPX.2021-12-23.sqlite	390	390	0	0	0	0.0000	CRITICAL
SPX	SPX.2021-11-17.sqlite	390	390	0	0	0	0.0000	CRITICAL
SPX	SPX.2021-02-01.sqlite	390	390	0	0	0	0.0000	CRITICAL
SPX	SPX.2021-01-27.sqlite	390	390	0	0	0	0.0000	CRITICAL
SPX	SPX.2021-01-26.sqlite	390	390	0	0	0	0.0000	CRITICAL
SPX	SPX.2021-01-05.sqlite	390	390	0	0	0	0.0000	CRITICAL
SPX	SPX.2020-10-12.sqlite	390	390	0	0	0	0.0000	CRITICAL
SPX	SPX.2020-10-09.sqlite	390	390	0	0	0	0.0000	CRITICAL
SPX	SPX.2020-10-08.sqlite	390	390	0	0	0	0.0000	CRITICAL
SPX	SPX.2022-08-17.sqlite	390	390	0	0	0	0.0000	CRITICAL
SPX	SPX.2021-11-03.sqlite	390	390	0	0	0	0.0000	CRITICAL
SPX	SPX.2020-10-13.sqlite	390	390	0	0	0	0.0000	CRITICAL
SPX	SPX.2020-09-21.sqlite	390	390	0	0	0	0.0000	CRITICAL
SPX	SPX.2020-09-18.sqlite	390	390	0	0	0	0.0000	CRITICAL
SPX	SPX.2022-04-20.sqlite	390	390	0	0	0	0.0000	CRITICAL
SPX	SPX.2021-09-30.sqlite	390	390	0	0	0	0.0000	CRITICAL
SPX	SPX.2021-09-29.sqlite	390	390	0	0	0	0.0000	CRITICAL
SPX	SPX.2021-09-28.sqlite	390	390	0	0	0	0.0000	CRITICAL
SPX	SPX.2021-09-27.sqlite	390	390	0	0	0	0.0000	CRITICAL
SPX	SPX.2021-09-24.sqlite	390	390	0	0	0	0.0000	CRITICAL
SPX	SPX.2021-09-23.sqlite	390	390	0	0	0	0.0000	CRITICAL
SPX	SPX.2021-09-22.sqlite	390	390	0	0	0	0.0000	CRITICAL
SPX	SPX.2021-09-21.sqlite	390	390	0	0	0	0.0000	CRITICAL
SPX	SPX.2021-09-20.sqlite	390	390	0	0	0	0.0000	CRITICAL
SPX	SPX.2021-09-17.sqlite	390	390	0	0	0	0.0000	CRITICAL
SPX	SPX.2021-08-19.sqlite	390	390	0	0	0	0.0000	CRITICAL
SPX	SPX.2021-08-18.sqlite	390	390	0	0	0	0.0000	CRITICAL
SPX	SPX.2021-08-03.sqlite	390	390	0	0	0	0.0000	CRITICAL
SPX	SPX.2021-08-02.sqlite	390	390	0	0	0	0.0000	CRITICAL
SPX	SPX.2021-07-30.sqlite	390	390	0	0	0	0.0000	CRITICAL
SPX	SPX.2021-07-29.sqlite	390	390	0	0	0	0.0000	CRITICAL
SPX	SPX.2021-07-28.sqlite	390	390	0	0	0	0.0000	CRITICAL
SPX	SPX.2021-07-27.sqlite	390	390	0	0	0	0.0000	CRITICAL
SPX	SPX.2021-07-26.sqlite	390	390	0	0	0	0.0000	CRITICAL
SPX	SPX.2021-07-23.sqlite	390	390	0	0	0	0.0000	CRITICAL
SPX	SPX.2021-07-22.sqlite	390	390	0	0	0	0.0000	CRITICAL
SPX	SPX.2021-07-21.sqlite	390	390	0	0	0	0.0000	CRITICAL
SPX	SPX.2021-07-20.sqlite	390	390	0	0	0	0.0000	CRITICAL
SPX	SPX.2021-07-19.sqlite	390	390	0	0	0	0.0000	CRITICAL
SPX	SPX.2021-07-16.sqlite	390	390	0	0	0	0.0000	CRITICAL
SPX	SPX.2021-07-15.sqlite	390	390	0	0	0	0.0000	CRITICAL
SPX	SPX.2021-07-14.sqlite	390	390	0	0	0	0.0000	CRITICAL
SPX	SPX.2021-07-13.sqlite	390	390	0	0	0	0.0000	CRITICAL
SPX	SPX.2021-07-12.sqlite	390	390	0	0	0	0.0000	CRITICAL
SPX	SPX.2021-07-09.sqlite	390	390	0	0	0	0.0000	CRITICAL
SPX	SPX.2021-07-08.sqlite	390	390	0	0	0	0.0000	CRITICAL
SPX	SPX.2021-05-18.sqlite	390	390	0	0	0	0.0000	CRITICAL
SPX	SPX.2021-04-01.sqlite	390	390	0	0	0	0.0000	CRITICAL
SPX	SPX.2021-03-15.sqlite	390	390	0	0	0	0.0000	CRITICAL
SPX	SPX.2021-03-12.sqlite	390	390	0	0	0	0.0000	CRITICAL
SPX	SPX.2021-01-08.sqlite	390	390	0	0	0	0.0000	CRITICAL
SPX	SPX.2021-01-07.sqlite	390	390	0	0	0	0.0000	CRITICAL
SPX	SPX.2020-10-14.sqlite	390	390	0	0	0	0.0000	CRITICAL
SPX	SPX.2020-09-15.sqlite	390	390	0	0	0	0.0000	CRITICAL
SPX	SPX.2023-01-14.sqlite	0	0	0	0	0	0.0000	CRITICAL
SPX	SPX.2021-11-26.sqlite	390	390	0	0	0	0.0000	CRITICAL
SPX	SPX.2021-10-21.sqlite	390	390	0	0	0	0.0000	CRITICAL
SPX	SPX.2020-12-15.sqlite	390	390	0	0	0	0.0000	CRITICAL
SPX	SPX.2020-09-14.sqlite	390	390	0	0	0	0.0000	CRITICAL
SPX	SPX.2022-01-03.sqlite	390	390	0	0	0	0.0000	CRITICAL
SPX	SPX.2021-12-29.sqlite	390	390	0	0	0	0.0000	CRITICAL
SPX	SPX.2021-12-21.sqlite	390	390	0	0	0	0.0000	CRITICAL
SPX	SPX.2020-09-16.sqlite	390	390	0	0	0	0.0000	CRITICAL
SPX	SPX.2020-09-11.sqlite	390	390	0	0	0	0.0000	CRITICAL
SPX	SPX.2024-08-15.sqlite	780	780	31200	390	389	0.4987	CRITICAL
SPX	SPX.2024-07-02.sqlite	780	780	31200	390	389	0.4987	CRITICAL
SPX	SPX.2024-06-06.sqlite	390	390	0	0	0	0.0000	CRITICAL
SPX	SPX.2024-05-22.sqlite	390	390	0	0	0	0.0000	CRITICAL
SPX	SPX.2024-05-08.sqlite	390	390	0	0	0	0.0000	CRITICAL
SPX	SPX.2024-05-02.sqlite	390	390	0	0	0	0.0000	CRITICAL
SPX	SPX.2024-04-10.sqlite	390	390	0	0	0	0.0000	CRITICAL
SPX	SPX.2024-04-01.sqlite	390	390	0	0	0	0.0000	CRITICAL
SPX	SPX.2023-02-02.sqlite	780	780	62400	390	389	0.4987	CRITICAL
SPX	SPX.2023-01-13.sqlite	780	780	62400	390	389	0.4987	CRITICAL
SPX	SPX.2022-08-15.sqlite	390	390	0	0	0	0.0000	CRITICAL
SPX	SPX.2022-08-12.sqlite	390	390	0	0	0	0.0000	CRITICAL
SPX	SPX.2022-08-11.sqlite	390	390	0	0	0	0.0000	CRITICAL
SPX	SPX.2022-08-10.sqlite	390	390	0	0	0	0.0000	CRITICAL
SPX	SPX.2022-08-09.sqlite	390	390	0	0	0	0.0000	CRITICAL
SPX	SPX.2022-08-08.sqlite	390	390	0	0	0	0.0000	CRITICAL
SPX	SPX.2022-08-05.sqlite	390	390	0	0	0	0.0000	CRITICAL
SPX	SPX.2022-08-02.sqlite	390	390	0	0	0	0.0000	CRITICAL
SPX	SPX.2020-11-05.sqlite	390	390	0	0	0	0.0000	CRITICAL
SPX	SPX.2020-11-04.sqlite	390	390	0	0	0	0.0000	CRITICAL
SPX	SPX.2020-11-02.sqlite	390	390	0	0	0	0.0000	CRITICAL
SPX	SPX.2020-10-07.sqlite	390	390	0	0	0	0.0000	CRITICAL
SPX	SPX.2020-10-05.sqlite	390	390	0	0	0	0.0000	CRITICAL
SPX	SPX.2020-10-02.sqlite	390	390	0	0	0	0.0000	CRITICAL
SPX	SPX.2020-10-01.sqlite	390	390	0	0	0	0.0000	CRITICAL
SPX	SPX.2020-09-30.sqlite	390	390	0	0	0	0.0000	CRITICAL
SPX	SPX.2020-09-10.sqlite	390	390	0	0	0	0.0000	CRITICAL
SPX	SPX.2020-09-09.sqlite	390	390	0	0	0	0.0000	CRITICAL
SPX	SPX.2020-09-08.sqlite	390	390	0	0	0	0.0000	CRITICAL
SPX	SPX.2020-09-04.sqlite	390	390	0	0	0	0.0000	CRITICAL
SPX	SPX.2020-09-03.sqlite	390	390	0	0	0	0.0000	CRITICAL
SPX	SPX.2025-08-22.sqlite	390	390	0	0	0	0.0000	CRITICAL
SPX	SPX.2025-08-13.sqlite	390	390	0	0	0	0.0000	CRITICAL
SPX	SPX.2025-08-06.sqlite	390	390	0	0	0	0.0000	CRITICAL
SPX	SPX.2025-07-31.sqlite	390	390	0	0	0	0.0000	CRITICAL
SPX	SPX.2025-07-25.sqlite	390	390	0	0	0	0.0000	CRITICAL
SPX	SPX.2025-07-21.sqlite	390	390	0	0	0	0.0000	CRITICAL
SPX	SPX.2025-07-15.sqlite	390	390	0	0	0	0.0000	CRITICAL
SPX	SPX.2025-07-07.sqlite	390	390	0	0	0	0.0000	CRITICAL
SPX	SPX.2025-07-01.sqlite	390	390	0	0	0	0.0000	CRITICAL
SPX	SPX.2025-06-26.sqlite	390	390	0	0	0	0.0000	CRITICAL
SPX	SPX.2025-06-23.sqlite	390	390	0	0	0	0.0000	CRITICAL
SPX	SPX.2025-06-12.sqlite	390	390	0	0	0	0.0000	CRITICAL
SPX	SPX.2025-06-02.sqlite	390	390	0	0	0	0.0000	CRITICAL
SPX	SPX.2025-05-20.sqlite	390	390	0	0	0	0.0000	CRITICAL
SPX	SPX.2025-05-15.sqlite	390	390	0	0	0	0.0000	CRITICAL
SPX	SPX.2025-05-09.sqlite	390	390	0	0	0	0.0000	CRITICAL
SPX	SPX.2025-05-05.sqlite	390	390	0	0	0	0.0000	CRITICAL
SPX	SPX.2025-04-30.sqlite	390	390	0	0	0	0.0000	CRITICAL
SPX	SPX.2025-04-22.sqlite	390	390	0	0	0	0.0000	CRITICAL
SPX	SPX.2025-04-15.sqlite	390	390	0	0	0	0.0000	CRITICAL
SPX	SPX.2025-04-09.sqlite	390	390	0	0	0	0.0000	CRITICAL
SPX	SPX.2025-04-01.sqlite	390	390	0	0	0	0.0000	CRITICAL
SPX	SPX.2025-03-27.sqlite	390	390	0	0	0	0.0000	CRITICAL
SPX	SPX.2025-03-21.sqlite	390	390	0	0	0	0.0000	CRITICAL
SPX	SPX.2025-03-13.sqlite	390	390	0	0	0	0.0000	CRITICAL
SPX	SPX.2025-03-06.sqlite	390	390	0	0	0	0.0000	CRITICAL
SPX	SPX.2025-02-27.sqlite	390	390	0	0	0	0.0000	CRITICAL
SPX	SPX.2025-02-24.sqlite	390	390	0	0	0	0.0000	CRITICAL
SPX	SPX.2025-02-19.sqlite	390	390	0	0	0	0.0000	CRITICAL
SPX	SPX.2025-02-18.sqlite	390	390	0	0	0	0.0000	CRITICAL
SPX	SPX.2025-02-13.sqlite	390	390	0	0	0	0.0000	CRITICAL
SPX	SPX.2025-02-12.sqlite	390	390	0	0	0	0.0000	CRITICAL
SPX	SPX.2025-02-11.sqlite	390	390	0	0	0	0.0000	CRITICAL
SPX	SPX.2025-02-07.sqlite	390	390	0	0	0	0.0000	CRITICAL
SPX	SPX.2025-02-05.sqlite	390	390	0	0	0	0.0000	CRITICAL
SPX	SPX.2025-02-03.sqlite	390	390	0	0	0	0.0000	CRITICAL
SPX	SPX.2025-01-31.sqlite	390	390	0	0	0	0.0000	CRITICAL
SPX	SPX.2025-01-30.sqlite	390	390	0	0	0	0.0000	CRITICAL
SPX	SPX.2025-01-29.sqlite	390	390	0	0	0	0.0000	CRITICAL
SPX	SPX.2025-01-28.sqlite	390	390	0	0	0	0.0000	CRITICAL
SPX	SPX.2025-01-27.sqlite	390	390	0	0	0	0.0000	CRITICAL
SPX	SPX.2025-01-24.sqlite	390	390	0	0	0	0.0000	CRITICAL
SPX	SPX.2025-01-23.sqlite	390	390	0	0	0	0.0000	CRITICAL
SPX	SPX.2025-01-22.sqlite	390	390	0	0	0	0.0000	CRITICAL
SPX	SPX.2025-01-21.sqlite	390	390	0	0	0	0.0000	CRITICAL
SPX	SPX.2025-01-17.sqlite	390	390	0	0	0	0.0000	CRITICAL
SPX	SPX.2025-01-16.sqlite	390	390	0	0	0	0.0000	CRITICAL
SPX	SPX.2025-01-15.sqlite	390	390	0	0	0	0.0000	CRITICAL
SPX	SPX.2025-01-14.sqlite	390	390	0	0	0	0.0000	CRITICAL
SPX	SPX.2025-01-13.sqlite	390	390	0	0	0	0.0000	CRITICAL
SPX	SPX.2025-01-10.sqlite	390	390	0	0	0	0.0000	CRITICAL
SPX	SPX.2025-01-08.sqlite	390	390	0	0	0	0.0000	CRITICAL
SPX	SPX.2025-01-07.sqlite	390	390	0	0	0	0.0000	CRITICAL
SPX	SPX.2025-01-06.sqlite	390	390	0	0	0	0.0000	CRITICAL
SPX	SPX.2025-01-03.sqlite	390	390	0	0	0	0.0000	CRITICAL
SPX	SPX.2025-01-02.sqlite	390	390	0	0	0	0.0000	CRITICAL
SPX	SPX.2024-08-12.sqlite	780	780	31200	390	389	0.4987	CRITICAL
SPX	SPX.2024-06-21.sqlite	780	780	31200	390	389	0.4987	CRITICAL
SPX	SPX.2024-06-13.sqlite	390	390	0	0	0	0.0000	CRITICAL
SPX	SPX.2024-05-31.sqlite	390	390	0	0	0	0.0000	CRITICAL
SPX	SPX.2024-05-16.sqlite	390	390	0	0	0	0.0000	CRITICAL
SPX	SPX.2024-05-09.sqlite	390	390	0	0	0	0.0000	CRITICAL
SPX	SPX.2024-04-22.sqlite	390	390	0	0	0	0.0000	CRITICAL
SPX	SPX.2024-04-04.sqlite	390	390	0	0	0	0.0000	CRITICAL
SPX	SPX.2024-03-20.sqlite	390	390	0	0	0	0.0000	CRITICAL
SPX	SPX.2024-03-08.sqlite	390	390	0	0	0	0.0000	CRITICAL
SPX	SPX.2024-02-15.sqlite	390	390	0	0	0	0.0000	CRITICAL
SPX	SPX.2024-02-05.sqlite	390	390	0	0	0	0.0000	CRITICAL
SPX	SPX.2024-01-19.sqlite	390	390	0	0	0	0.0000	CRITICAL
SPX	SPX.2024-01-09.sqlite	390	390	0	0	0	0.0000	CRITICAL
SPX	SPX.2024-01-04.sqlite	390	390	0	0	0	0.0000	CRITICAL
SPX	SPX.2024-01-03.sqlite	390	390	0	0	0	0.0000	CRITICAL
SPX	SPX.2023-12-29.sqlite	390	390	0	0	0	0.0000	CRITICAL
SPX	SPX.2023-12-21.sqlite	390	390	0	0	0	0.0000	CRITICAL
SPX	SPX.2023-12-13.sqlite	390	390	0	0	0	0.0000	CRITICAL
SPX	SPX.2023-12-07.sqlite	390	390	0	0	0	0.0000	CRITICAL
SPX	SPX.2023-12-01.sqlite	390	390	0	0	0	0.0000	CRITICAL
SPX	SPX.2023-11-17.sqlite	390	390	0	0	0	0.0000	CRITICAL
SPX	SPX.2023-10-31.sqlite	390	390	0	0	0	0.0000	CRITICAL
SPX	SPX.2023-10-27.sqlite	390	390	0	0	0	0.0000	CRITICAL
SPX	SPX.2023-10-25.sqlite	390	390	0	0	0	0.0000	CRITICAL
SPX	SPX.2023-10-17.sqlite	390	390	0	0	0	0.0000	CRITICAL
SPX	SPX.2023-10-10.sqlite	390	390	0	0	0	0.0000	CRITICAL
SPX	SPX.2023-10-04.sqlite	390	390	0	0	0	0.0000	CRITICAL
SPX	SPX.2023-09-29.sqlite	390	390	0	0	0	0.0000	CRITICAL
SPX	SPX.2023-09-27.sqlite	390	390	0	0	0	0.0000	CRITICAL
SPX	SPX.2023-09-21.sqlite	390	390	0	0	0	0.0000	CRITICAL
SPX	SPX.2023-09-20.sqlite	390	390	0	0	0	0.0000	CRITICAL
SPX	SPX.2023-09-15.sqlite	390	390	0	0	0	0.0000	CRITICAL
SPX	SPX.2023-09-13.sqlite	390	390	0	0	0	0.0000	CRITICAL
SPX	SPX.2023-09-11.sqlite	390	390	0	0	0	0.0000	CRITICAL
SPX	SPX.2023-09-07.sqlite	390	390	0	0	0	0.0000	CRITICAL
SPX	SPX.2023-08-31.sqlite	390	390	0	0	0	0.0000	CRITICAL
SPX	SPX.2023-08-25.sqlite	390	390	0	0	0	0.0000	CRITICAL
SPX	SPX.2023-08-24.sqlite	390	390	0	0	0	0.0000	CRITICAL
SPX	SPX.2023-08-22.sqlite	390	390	0	0	0	0.0000	CRITICAL
SPX	SPX.2023-08-17.sqlite	390	390	0	0	0	0.0000	CRITICAL
SPX	SPX.2023-08-15.sqlite	390	390	0	0	0	0.0000	CRITICAL
SPX	SPX.2023-02-03.sqlite	390	390	26520	390	389	0.9974	EXCELLENT
SPX	SPX.2023-01-03.sqlite	780	780	62400	390	389	0.4987	CRITICAL
SPX	SPX.2020-10-30.sqlite	390	390	0	0	0	0.0000	CRITICAL
SPX	SPX.2020-09-29.sqlite	390	390	0	0	0	0.0000	CRITICAL
SPX	SPX.2020-09-28.sqlite	390	390	0	0	0	0.0000	CRITICAL
SPX	SPX.2020-09-25.sqlite	390	390	0	0	0	0.0000	CRITICAL
SPX	SPX.2020-09-24.sqlite	390	390	0	0	0	0.0000	CRITICAL
SPX	SPX.2020-09-23.sqlite	390	390	0	0	0	0.0000	CRITICAL
SPX	SPX.2020-09-22.sqlite	390	390	0	0	0	0.0000	CRITICAL
SPX	SPX.2020-09-02.sqlite	390	390	0	0	0	0.0000	CRITICAL
SPX	SPX.2020-09-01.sqlite	390	390	0	0	0	0.0000	CRITICAL
SPX	SPX.2020-08-28.sqlite	390	390	0	0	0	0.0000	CRITICAL
SPX	SPX.2020-08-27.sqlite	390	390	0	0	0	0.0000	CRITICAL
SPX	SPX.2020-08-26.sqlite	390	390	0	0	0	0.0000	CRITICAL
SPX	SPX.2020-08-25.sqlite	390	390	0	0	0	0.0000	CRITICAL
SPX	SPX.2025-08-27.sqlite	780	780	62400	390	389	0.4987	CRITICAL
SPX	SPX.2025-08-25.sqlite	390	390	0	0	0	0.0000	CRITICAL
SPX	SPX.2025-08-20.sqlite	390	390	0	0	0	0.0000	CRITICAL
SPX	SPX.2025-08-15.sqlite	390	390	0	0	0	0.0000	CRITICAL
SPX	SPX.2025-08-12.sqlite	390	390	0	0	0	0.0000	CRITICAL
SPX	SPX.2025-08-05.sqlite	390	390	0	0	0	0.0000	CRITICAL
SPX	SPX.2025-07-29.sqlite	390	390	0	0	0	0.0000	CRITICAL
SPX	SPX.2025-07-18.sqlite	390	390	0	0	0	0.0000	CRITICAL
SPX	SPX.2025-07-16.sqlite	390	390	0	0	0	0.0000	CRITICAL
SPX	SPX.2025-07-10.sqlite	390	390	0	0	0	0.0000	CRITICAL
SPX	SPX.2025-07-08.sqlite	390	390	0	0	0	0.0000	CRITICAL
SPX	SPX.2025-07-02.sqlite	390	390	0	0	0	0.0000	CRITICAL
SPX	SPX.2025-06-24.sqlite	390	390	0	0	0	0.0000	CRITICAL
SPX	SPX.2025-06-20.sqlite	390	390	0	0	0	0.0000	CRITICAL
SPX	SPX.2025-06-17.sqlite	390	390	0	0	0	0.0000	CRITICAL
SPX	SPX.2025-06-10.sqlite	390	390	0	0	0	0.0000	CRITICAL
SPX	SPX.2025-06-04.sqlite	390	390	0	0	0	0.0000	CRITICAL
SPX	SPX.2025-05-19.sqlite	390	390	0	0	0	0.0000	CRITICAL
SPX	SPX.2025-05-13.sqlite	390	390	0	0	0	0.0000	CRITICAL
SPX	SPX.2025-05-02.sqlite	390	390	0	0	0	0.0000	CRITICAL
SPX	SPX.2025-04-28.sqlite	390	390	0	0	0	0.0000	CRITICAL
SPX	SPX.2025-04-21.sqlite	390	390	0	0	0	0.0000	CRITICAL
SPX	SPX.2025-04-08.sqlite	390	390	0	0	0	0.0000	CRITICAL
SPX	SPX.2025-03-28.sqlite	390	390	0	0	0	0.0000	CRITICAL
SPX	SPX.2025-03-18.sqlite	390	390	0	0	0	0.0000	CRITICAL
SPX	SPX.2025-03-10.sqlite	390	390	0	0	0	0.0000	CRITICAL
SPX	SPX.2025-03-03.sqlite	390	390	0	0	0	0.0000	CRITICAL
SPX	SPX.2025-02-25.sqlite	390	390	0	0	0	0.0000	CRITICAL
SPX	SPX.2025-02-21.sqlite	390	390	0	0	0	0.0000	CRITICAL
SPX	SPX.2025-02-20.sqlite	390	390	0	0	0	0.0000	CRITICAL
SPX	SPX.2025-02-14.sqlite	390	390	0	0	0	0.0000	CRITICAL
SPX	SPX.2025-02-10.sqlite	390	390	0	0	0	0.0000	CRITICAL
SPX	SPX.2025-02-06.sqlite	390	390	0	0	0	0.0000	CRITICAL
SPX	SPX.2025-02-04.sqlite	390	390	0	0	0	0.0000	CRITICAL
SPX	SPX.2024-08-13.sqlite	780	780	31200	390	389	0.4987	CRITICAL
SPX	SPX.2024-06-28.sqlite	780	780	31200	390	389	0.4987	CRITICAL
SPX	SPX.2024-06-20.sqlite	390	390	0	0	0	0.0000	CRITICAL
SPX	SPX.2024-06-11.sqlite	390	390	0	0	0	0.0000	CRITICAL
SPX	SPX.2024-05-30.sqlite	390	390	0	0	0	0.0000	CRITICAL
SPX	SPX.2024-05-20.sqlite	390	390	0	0	0	0.0000	CRITICAL
SPX	SPX.2024-05-10.sqlite	390	390	0	0	0	0.0000	CRITICAL
SPX	SPX.2024-04-25.sqlite	390	390	0	0	0	0.0000	CRITICAL
SPX	SPX.2024-04-09.sqlite	390	390	0	0	0	0.0000	CRITICAL
SPX	SPX.2024-03-22.sqlite	390	390	0	0	0	0.0000	CRITICAL
SPX	SPX.2024-03-12.sqlite	390	390	0	0	0	0.0000	CRITICAL
SPX	SPX.2024-03-05.sqlite	390	390	0	0	0	0.0000	CRITICAL
SPX	SPX.2024-02-22.sqlite	390	390	0	0	0	0.0000	CRITICAL
SPX	SPX.2024-02-13.sqlite	390	390	0	0	0	0.0000	CRITICAL
SPX	SPX.2024-02-01.sqlite	390	390	0	0	0	0.0000	CRITICAL
SPX	SPX.2024-01-25.sqlite	390	390	0	0	0	0.0000	CRITICAL
SPX	SPX.2024-01-23.sqlite	390	390	0	0	0	0.0000	CRITICAL
SPX	SPX.2024-01-16.sqlite	390	390	0	0	0	0.0000	CRITICAL
SPX	SPX.2023-12-26.sqlite	390	390	0	0	0	0.0000	CRITICAL
SPX	SPX.2023-12-20.sqlite	390	390	0	0	0	0.0000	CRITICAL
SPX	SPX.2023-12-06.sqlite	390	390	0	0	0	0.0000	CRITICAL
SPX	SPX.2023-11-24.sqlite	390	390	0	0	0	0.0000	CRITICAL
SPX	SPX.2023-11-15.sqlite	390	390	0	0	0	0.0000	CRITICAL
SPX	SPX.2023-11-13.sqlite	390	390	0	0	0	0.0000	CRITICAL
SPX	SPX.2023-11-07.sqlite	390	390	0	0	0	0.0000	CRITICAL
SPX	SPX.2023-10-23.sqlite	390	390	0	0	0	0.0000	CRITICAL
SPX	SPX.2023-10-19.sqlite	390	390	0	0	0	0.0000	CRITICAL
SPX	SPX.2023-10-13.sqlite	390	390	0	0	0	0.0000	CRITICAL
SPX	SPX.2023-10-09.sqlite	390	390	0	0	0	0.0000	CRITICAL
SPX	SPX.2023-10-03.sqlite	390	390	0	0	0	0.0000	CRITICAL
SPX	SPX.2023-10-02.sqlite	390	390	0	0	0	0.0000	CRITICAL
SPX	SPX.2023-09-25.sqlite	390	390	0	0	0	0.0000	CRITICAL
SPX	SPX.2023-09-19.sqlite	390	390	0	0	0	0.0000	CRITICAL
SPX	SPX.2023-09-14.sqlite	390	390	0	0	0	0.0000	CRITICAL
SPX	SPX.2023-09-08.sqlite	390	390	0	0	0	0.0000	CRITICAL
SPX	SPX.2023-09-05.sqlite	390	390	0	0	0	0.0000	CRITICAL
SPX	SPX.2023-09-01.sqlite	390	390	0	0	0	0.0000	CRITICAL
SPX	SPX.2023-08-28.sqlite	390	390	0	0	0	0.0000	CRITICAL
SPX	SPX.2023-08-21.sqlite	390	390	0	0	0	0.0000	CRITICAL
SPX	SPX.2023-08-18.sqlite	390	390	0	0	0	0.0000	CRITICAL
SPX	SPX.2023-08-16.sqlite	390	390	0	0	0	0.0000	CRITICAL
SPX	SPX.2023-08-14.sqlite	390	390	0	0	0	0.0000	CRITICAL
SPX	SPX.2023-07-28.sqlite	390	390	0	0	0	0.0000	CRITICAL
SPX	SPX.2023-07-20.sqlite	390	390	0	0	0	0.0000	CRITICAL
SPX	SPX.2023-07-18.sqlite	390	390	0	0	0	0.0000	CRITICAL
SPX	SPX.2023-07-12.sqlite	390	390	0	0	0	0.0000	CRITICAL
SPX	SPX.2023-07-05.sqlite	390	390	0	0	0	0.0000	CRITICAL
SPX	SPX.2023-07-03.sqlite	390	390	0	0	0	0.0000	CRITICAL
SPX	SPX.2023-06-15.sqlite	390	390	0	0	0	0.0000	CRITICAL
SPX	SPX.2023-05-16.sqlite	390	390	0	0	0	0.0000	CRITICAL
SPX	SPX.2023-05-03.sqlite	390	390	0	0	0	0.0000	CRITICAL
SPX	SPX.2023-04-27.sqlite	390	390	0	0	0	0.0000	CRITICAL
SPX	SPX.2023-04-21.sqlite	390	390	0	0	0	0.0000	CRITICAL
SPX	SPX.2023-04-11.sqlite	390	390	0	0	0	0.0000	CRITICAL
SPX	SPX.2023-04-04.sqlite	390	390	0	0	0	0.0000	CRITICAL
SPX	SPX.2023-03-14.sqlite	390	390	0	0	0	0.0000	CRITICAL
SPX	SPX.2023-03-03.sqlite	390	390	0	0	0	0.0000	CRITICAL
SPX	SPX.2023-02-13.sqlite	390	390	0	0	0	0.0000	CRITICAL
SPX	SPX.2023-02-06.sqlite	390	390	0	0	0	0.0000	CRITICAL
SPX	SPX.2023-01-25.sqlite	780	780	62400	390	389	0.4987	CRITICAL
SPX	SPX.2021-10-27.sqlite	390	390	0	0	0	0.0000	CRITICAL
SPX	SPX.2021-10-06.sqlite	390	390	0	0	0	0.0000	CRITICAL
SPX	SPX.2021-10-05.sqlite	390	390	0	0	0	0.0000	CRITICAL
SPX	SPX.2021-10-04.sqlite	390	390	0	0	0	0.0000	CRITICAL
SPX	SPX.2019-09-05.sqlite	390	390	0	0	0	0.0000	CRITICAL
SPX	SPX.2019-08-23.sqlite	390	390	0	0	0	0.0000	CRITICAL
SPX	SPX.2019-08-13.sqlite	390	390	0	0	0	0.0000	CRITICAL
SPX	SPX.2019-07-10.sqlite	390	390	0	0	0	0.0000	CRITICAL
SPX	SPX.2019-07-02.sqlite	390	390	0	0	0	0.0000	CRITICAL
SPX	SPX.2019-06-25.sqlite	390	390	0	0	0	0.0000	CRITICAL
SPX	SPX.2019-06-17.sqlite	390	390	0	0	0	0.0000	CRITICAL
SPX	SPX.2019-06-05.sqlite	390	390	0	0	0	0.0000	CRITICAL
SPX	SPX.2019-05-24.sqlite	390	390	0	0	0	0.0000	CRITICAL
SPX	SPX.2019-05-13.sqlite	390	390	0	0	0	0.0000	CRITICAL
SPX	SPX.2019-04-30.sqlite	390	390	0	0	0	0.0000	CRITICAL
SPX	SPX.2019-04-17.sqlite	390	390	0	0	0	0.0000	CRITICAL
SPX	SPX.2019-03-11.sqlite	390	390	0	0	0	0.0000	CRITICAL
SPX	SPX.2019-03-08.sqlite	390	390	0	0	0	0.0000	CRITICAL
SPX	SPX.2019-03-01.sqlite	390	390	0	0	0	0.0000	CRITICAL
SPX	SPX.2019-02-22.sqlite	390	390	0	0	0	0.0000	CRITICAL
SPX	SPX.2019-02-19.sqlite	390	390	0	0	0	0.0000	CRITICAL
SPX	SPX.2019-02-13.sqlite	390	390	0	0	0	0.0000	CRITICAL
SPX	SPX.2019-01-17.sqlite	390	390	0	0	0	0.0000	CRITICAL
SPX	SPX.2019-01-14.sqlite	390	390	0	0	0	0.0000	CRITICAL
SPX	SPX.2018-12-26.sqlite	390	390	0	0	0	0.0000	CRITICAL
SPX	SPX.2018-12-13.sqlite	390	390	0	0	0	0.0000	CRITICAL
SPX	SPX.2018-11-26.sqlite	390	390	0	0	0	0.0000	CRITICAL
SPX	SPX.2018-11-13.sqlite	390	390	0	0	0	0.0000	CRITICAL
SPX	SPX.2018-10-26.sqlite	390	390	0	0	0	0.0000	CRITICAL
SPX	SPX.2022-01-19.sqlite	390	390	0	0	0	0.0000	CRITICAL
SPX	SPX.2021-12-15.sqlite	390	390	0	0	0	0.0000	CRITICAL
SPX	SPX.2021-12-06.sqlite	390	390	0	0	0	0.0000	CRITICAL
SPX	SPX.2021-12-01.sqlite	390	390	0	0	0	0.0000	CRITICAL
SPX	SPX.2021-11-16.sqlite	390	390	0	0	0	0.0000	CRITICAL
SPX	SPX.2021-08-23.sqlite	390	390	0	0	0	0.0000	CRITICAL
SPX	SPX.2021-08-16.sqlite	390	390	0	0	0	0.0000	CRITICAL
SPX	SPX.2021-08-13.sqlite	390	390	0	0	0	0.0000	CRITICAL
SPX	SPX.2021-08-12.sqlite	390	390	0	0	0	0.0000	CRITICAL
SPX	SPX.2021-06-23.sqlite	390	390	0	0	0	0.0000	CRITICAL
SPX	SPX.2021-03-30.sqlite	390	390	0	0	0	0.0000	CRITICAL
SPX	SPX.2021-01-25.sqlite	390	390	0	0	0	0.0000	CRITICAL
SPX	SPX.2019-09-10.sqlite	390	390	0	0	0	0.0000	CRITICAL
SPX	SPX.2019-09-09.sqlite	390	390	0	0	0	0.0000	CRITICAL
SPX	SPX.2019-08-29.sqlite	390	390	0	0	0	0.0000	CRITICAL
SPX	SPX.2019-08-21.sqlite	390	390	0	0	0	0.0000	CRITICAL
SPX	SPX.2019-08-15.sqlite	390	390	0	0	0	0.0000	CRITICAL
SPX	SPX.2019-08-08.sqlite	390	390	0	0	0	0.0000	CRITICAL
SPX	SPX.2019-08-06.sqlite	390	390	0	0	0	0.0000	CRITICAL
SPX	SPX.2019-08-01.sqlite	390	390	0	0	0	0.0000	CRITICAL
SPX	SPX.2019-07-30.sqlite	390	390	0	0	0	0.0000	CRITICAL
SPX	SPX.2019-07-24.sqlite	390	390	0	0	0	0.0000	CRITICAL
SPX	SPX.2019-07-19.sqlite	390	390	0	0	0	0.0000	CRITICAL
SPX	SPX.2019-07-16.sqlite	390	390	0	0	0	0.0000	CRITICAL
SPX	SPX.2019-07-09.sqlite	390	390	0	0	0	0.0000	CRITICAL
SPX	SPX.2019-06-28.sqlite	390	390	0	0	0	0.0000	CRITICAL
SPX	SPX.2019-06-21.sqlite	390	390	0	0	0	0.0000	CRITICAL
SPX	SPX.2019-06-12.sqlite	390	390	0	0	0	0.0000	CRITICAL
SPX	SPX.2019-05-31.sqlite	390	390	0	0	0	0.0000	CRITICAL
SPX	SPX.2019-05-21.sqlite	390	390	0	0	0	0.0000	CRITICAL
SPX	SPX.2019-05-15.sqlite	390	390	0	0	0	0.0000	CRITICAL
SPX	SPX.2019-05-06.sqlite	390	390	0	0	0	0.0000	CRITICAL
SPX	SPX.2019-04-25.sqlite	390	390	0	0	0	0.0000	CRITICAL
SPX	SPX.2019-04-15.sqlite	390	390	0	0	0	0.0000	CRITICAL
SPX	SPX.2019-04-05.sqlite	390	390	0	0	0	0.0000	CRITICAL
SPX	SPX.2019-03-28.sqlite	390	390	0	0	0	0.0000	CRITICAL
SPX	SPX.2019-03-18.sqlite	390	390	0	0	0	0.0000	CRITICAL
SPX	SPX.2019-03-13.sqlite	390	390	0	0	0	0.0000	CRITICAL
SPX	SPX.2019-03-05.sqlite	390	390	0	0	0	0.0000	CRITICAL
SPX	SPX.2019-02-27.sqlite	390	390	0	0	0	0.0000	CRITICAL
SPX	SPX.2019-02-26.sqlite	390	390	0	0	0	0.0000	CRITICAL
SPX	SPX.2019-02-15.sqlite	390	390	0	0	0	0.0000	CRITICAL
SPX	SPX.2019-02-08.sqlite	390	390	0	0	0	0.0000	CRITICAL
SPX	SPX.2019-01-07.sqlite	390	390	0	0	0	0.0000	CRITICAL
SPX	SPX.2018-12-28.sqlite	390	390	0	0	0	0.0000	CRITICAL
SPX	SPX.2018-12-18.sqlite	390	390	0	0	0	0.0000	CRITICAL
SPX	SPX.2018-12-11.sqlite	390	390	0	0	0	0.0000	CRITICAL
SPX	SPX.2018-11-29.sqlite	390	390	0	0	0	0.0000	CRITICAL
SPX	SPX.2018-11-20.sqlite	390	390	0	0	0	0.0000	CRITICAL
SPX	SPX.2018-11-08.sqlite	390	390	0	0	0	0.0000	CRITICAL
SPX	SPX.2018-11-01.sqlite	390	390	0	0	0	0.0000	CRITICAL
SPX	SPX.2022-02-17.sqlite	390	390	0	0	0	0.0000	CRITICAL
SPX	SPX.2021-11-05.sqlite	390	390	0	0	0	0.0000	CRITICAL
SPX	SPX.2020-09-17.sqlite	390	390	0	0	0	0.0000	CRITICAL
SPX	SPX.2020-08-31.sqlite	390	390	0	0	0	0.0000	CRITICAL
SPX	SPX.2019-09-06.sqlite	390	390	0	0	0	0.0000	CRITICAL
SPX	SPX.2019-08-22.sqlite	390	390	0	0	0	0.0000	CRITICAL
SPX	SPX.2019-08-09.sqlite	390	390	0	0	0	0.0000	CRITICAL
SPX	SPX.2019-08-05.sqlite	390	390	0	0	0	0.0000	CRITICAL
SPX	SPX.2019-07-31.sqlite	390	390	0	0	0	0.0000	CRITICAL
SPX	SPX.2019-07-23.sqlite	390	390	0	0	0	0.0000	CRITICAL
SPX	SPX.2019-07-15.sqlite	390	390	0	0	0	0.0000	CRITICAL
SPX	SPX.2019-07-12.sqlite	390	390	0	0	0	0.0000	CRITICAL
SPX	SPX.2019-07-01.sqlite	390	390	0	0	0	0.0000	CRITICAL
SPX	SPX.2019-06-24.sqlite	390	390	0	0	0	0.0000	CRITICAL
SPX	SPX.2019-06-10.sqlite	390	390	0	0	0	0.0000	CRITICAL
SPX	SPX.2019-06-03.sqlite	390	390	0	0	0	0.0000	CRITICAL
SPX	SPX.2019-05-20.sqlite	390	390	0	0	0	0.0000	CRITICAL
SPX	SPX.2019-05-09.sqlite	390	390	0	0	0	0.0000	CRITICAL
SPX	SPX.2019-05-02.sqlite	390	390	0	0	0	0.0000	CRITICAL
SPX	SPX.2019-04-24.sqlite	390	390	0	0	0	0.0000	CRITICAL
SPX	SPX.2019-04-12.sqlite	390	390	0	0	0	0.0000	CRITICAL
SPX	SPX.2019-04-04.sqlite	390	390	0	0	0	0.0000	CRITICAL
SPX	SPX.2019-03-29.sqlite	390	390	0	0	0	0.0000	CRITICAL
SPX	SPX.2019-03-21.sqlite	390	390	0	0	0	0.0000	CRITICAL
SPX	SPX.2019-02-06.sqlite	390	390	0	0	0	0.0000	CRITICAL
SPX	SPX.2019-01-09.sqlite	390	390	0	0	0	0.0000	CRITICAL
SPX	SPX.2018-12-27.sqlite	390	390	0	0	0	0.0000	CRITICAL
SPX	SPX.2018-12-17.sqlite	390	390	0	0	0	0.0000	CRITICAL
SPX	SPX.2018-12-03.sqlite	390	390	0	0	0	0.0000	CRITICAL
SPX	SPX.2018-11-19.sqlite	390	390	0	0	0	0.0000	CRITICAL
SPX	SPX.2018-11-06.sqlite	390	390	0	0	0	0.0000	CRITICAL
SPX	SPX.2018-11-05.sqlite	390	390	0	0	0	0.0000	CRITICAL
SPX	SPX.2021-12-03.sqlite	390	390	0	0	0	0.0000	CRITICAL
SPX	SPX.2019-09-03.sqlite	390	390	0	0	0	0.0000	CRITICAL
SPX	SPX.2019-08-27.sqlite	390	390	0	0	0	0.0000	CRITICAL
SPX	SPX.2019-08-20.sqlite	390	390	0	0	0	0.0000	CRITICAL
SPX	SPX.2019-08-16.sqlite	390	390	0	0	0	0.0000	CRITICAL
SPX	SPX.2019-08-12.sqlite	390	390	0	0	0	0.0000	CRITICAL
SPX	SPX.2019-07-08.sqlite	390	390	0	0	0	0.0000	CRITICAL
SPX	SPX.2019-07-05.sqlite	390	390	0	0	0	0.0000	CRITICAL
SPX	SPX.2019-06-27.sqlite	390	390	0	0	0	0.0000	CRITICAL
SPX	SPX.2019-06-19.sqlite	390	390	0	0	0	0.0000	CRITICAL
SPX	SPX.2019-06-07.sqlite	390	390	0	0	0	0.0000	CRITICAL
SPX	SPX.2019-05-30.sqlite	390	390	0	0	0	0.0000	CRITICAL
SPX	SPX.2019-05-28.sqlite	390	390	0	0	0	0.0000	CRITICAL
SPX	SPX.2019-05-10.sqlite	390	390	0	0	0	0.0000	CRITICAL
SPX	SPX.2019-04-29.sqlite	390	390	0	0	0	0.0000	CRITICAL
SPX	SPX.2019-04-18.sqlite	390	390	0	0	0	0.0000	CRITICAL
SPX	SPX.2019-04-11.sqlite	390	390	0	0	0	0.0000	CRITICAL
SPX	SPX.2019-04-03.sqlite	390	390	0	0	0	0.0000	CRITICAL
SPX	SPX.2019-03-26.sqlite	390	390	0	0	0	0.0000	CRITICAL
SPX	SPX.2019-03-22.sqlite	390	390	0	0	0	0.0000	CRITICAL
SPX	SPX.2019-03-14.sqlite	390	390	0	0	0	0.0000	CRITICAL
SPX	SPX.2019-03-07.sqlite	390	390	0	0	0	0.0000	CRITICAL
SPX	SPX.2019-03-04.sqlite	390	390	0	0	0	0.0000	CRITICAL
SPX	SPX.2019-02-25.sqlite	390	390	0	0	0	0.0000	CRITICAL
SPX	SPX.2019-02-14.sqlite	390	390	0	0	0	0.0000	CRITICAL
SPX	SPX.2019-01-23.sqlite	390	390	0	0	0	0.0000	CRITICAL
SPX	SPX.2019-01-22.sqlite	390	390	0	0	0	0.0000	CRITICAL
SPX	SPX.2019-01-18.sqlite	390	390	0	0	0	0.0000	CRITICAL
SPX	SPX.2019-01-11.sqlite	390	390	0	0	0	0.0000	CRITICAL
SPX	SPX.2018-12-31.sqlite	390	390	0	0	0	0.0000	CRITICAL
SPX	SPX.2018-12-19.sqlite	390	390	0	0	0	0.0000	CRITICAL
SPX	SPX.2018-12-06.sqlite	390	390	0	0	0	0.0000	CRITICAL
SPX	SPX.2018-11-30.sqlite	390	390	0	0	0	0.0000	CRITICAL
SPX	SPX.2018-11-21.sqlite	390	390	0	0	0	0.0000	CRITICAL
SPX	SPX.2018-11-09.sqlite	390	390	0	0	0	0.0000	CRITICAL
SPX	SPX.2018-10-31.sqlite	390	390	0	0	0	0.0000	CRITICAL
SPX	SPX.2018-10-24.sqlite	390	390	0	0	0	0.0000	CRITICAL
SPX	SPX.2018-10-17.sqlite	390	390	0	0	0	0.0000	CRITICAL
SPX	SPX.2018-10-12.sqlite	390	390	0	0	0	0.0000	CRITICAL
SPX	SPX.2018-10-05.sqlite	390	390	0	0	0	0.0000	CRITICAL
SPX	SPX.2018-10-03.sqlite	390	390	0	0	0	0.0000	CRITICAL
SPX	SPX.2018-09-27.sqlite	390	390	0	0	0	0.0000	CRITICAL
SPX	SPX.2018-09-18.sqlite	390	390	0	0	0	0.0000	CRITICAL
SPX	SPX.2018-09-13.sqlite	390	390	0	0	0	0.0000	CRITICAL
SPX	SPX.2018-09-06.sqlite	390	390	0	0	0	0.0000	CRITICAL
SPX	SPX.2018-09-05.sqlite	390	390	0	0	0	0.0000	CRITICAL
SPX	SPX.2018-08-28.sqlite	390	390	0	0	0	0.0000	CRITICAL
SPX	SPX.2018-08-23.sqlite	390	390	0	0	0	0.0000	CRITICAL
SPX	SPX.2018-08-15.sqlite	390	390	0	0	0	0.0000	CRITICAL
SPX	SPX.2018-08-10.sqlite	390	390	0	0	0	0.0000	CRITICAL
SPX	SPX.2018-08-03.sqlite	390	390	0	0	0	0.0000	CRITICAL
SPX	SPX.2018-08-01.sqlite	390	390	0	0	0	0.0000	CRITICAL
SPX	SPX.2018-07-25.sqlite	390	390	0	0	0	0.0000	CRITICAL
SPX	SPX.2018-07-19.sqlite	390	390	0	0	0	0.0000	CRITICAL
SPX	SPX.2018-07-12.sqlite	390	390	0	0	0	0.0000	CRITICAL
SPX	SPX.2018-07-09.sqlite	390	390	0	0	0	0.0000	CRITICAL
SPX	SPX.2018-06-28.sqlite	390	390	0	0	0	0.0000	CRITICAL
SPX	SPX.2018-05-23.sqlite	390	390	0	0	0	0.0000	CRITICAL
SPX	SPX.2018-05-21.sqlite	390	390	0	0	0	0.0000	CRITICAL
SPX	SPX.2018-05-11.sqlite	390	390	0	0	0	0.0000	CRITICAL
SPX	SPX.2018-05-08.sqlite	390	390	0	0	0	0.0000	CRITICAL
SPX	SPX.2018-05-02.sqlite	390	390	0	0	0	0.0000	CRITICAL
SPX	SPX.2018-04-26.sqlite	390	390	0	0	0	0.0000	CRITICAL
SPX	SPX.2018-04-24.sqlite	390	390	0	0	0	0.0000	CRITICAL
SPX	SPX.2018-04-16.sqlite	390	390	0	0	0	0.0000	CRITICAL
SPX	SPX.2018-04-10.sqlite	390	390	0	0	0	0.0000	CRITICAL
SPX	SPX.2018-04-03.sqlite	390	390	0	0	0	0.0000	CRITICAL
SPX	SPX.2018-03-27.sqlite	390	390	0	0	0	0.0000	CRITICAL
SPX	SPX.2018-03-21.sqlite	390	390	0	0	0	0.0000	CRITICAL
SPX	SPX.2018-03-19.sqlite	390	390	0	0	0	0.0000	CRITICAL
SPX	SPX.2018-03-13.sqlite	390	390	0	0	0	0.0000	CRITICAL
SPX	SPX.2018-03-08.sqlite	390	390	0	0	0	0.0000	CRITICAL
SPX	SPX.2018-03-01.sqlite	390	390	0	0	0	0.0000	CRITICAL
SPX	SPX.2018-02-26.sqlite	390	390	0	0	0	0.0000	CRITICAL
SPX	SPX.2018-02-21.sqlite	390	390	0	0	0	0.0000	CRITICAL
SPX	SPX.2018-02-15.sqlite	390	390	0	0	0	0.0000	CRITICAL
SPX	SPX.2018-02-13.sqlite	390	390	0	0	0	0.0000	CRITICAL
SPX	SPX.2018-02-07.sqlite	390	390	0	0	0	0.0000	CRITICAL
SPX	SPX.2018-02-01.sqlite	390	390	0	0	0	0.0000	CRITICAL
SPX	SPX.2018-01-29.sqlite	390	390	0	0	0	0.0000	CRITICAL
SPX	SPX.2018-01-23.sqlite	390	390	0	0	0	0.0000	CRITICAL
SPX	SPX.2024-08-27.sqlite	780	780	31200	390	389	0.4987	CRITICAL
SPX	SPX.2024-07-09.sqlite	780	780	31200	390	389	0.4987	CRITICAL
SPX	SPX.2023-08-07.sqlite	780	780	62400	390	389	0.4987	CRITICAL
SPX	SPX.2023-08-03.sqlite	390	390	0	0	0	0.0000	CRITICAL
SPX	SPX.2023-07-27.sqlite	390	390	0	0	0	0.0000	CRITICAL
SPX	SPX.2023-07-21.sqlite	390	390	0	0	0	0.0000	CRITICAL
SPX	SPX.2023-07-11.sqlite	390	390	0	0	0	0.0000	CRITICAL
SPX	SPX.2023-06-23.sqlite	390	390	0	0	0	0.0000	CRITICAL
SPX	SPX.2023-06-09.sqlite	390	390	0	0	0	0.0000	CRITICAL
SPX	SPX.2023-05-31.sqlite	390	390	0	0	0	0.0000	CRITICAL
SPX	SPX.2023-05-22.sqlite	390	390	0	0	0	0.0000	CRITICAL
SPX	SPX.2023-05-10.sqlite	390	390	0	0	0	0.0000	CRITICAL
SPX	SPX.2023-04-26.sqlite	390	390	0	0	0	0.0000	CRITICAL
SPX	SPX.2023-04-20.sqlite	390	390	0	0	0	0.0000	CRITICAL
SPX	SPX.2023-04-05.sqlite	390	390	0	0	0	0.0000	CRITICAL
SPX	SPX.2023-03-23.sqlite	390	390	0	0	0	0.0000	CRITICAL
SPX	SPX.2023-03-21.sqlite	390	390	0	0	0	0.0000	CRITICAL
SPX	SPX.2023-03-06.sqlite	390	390	0	0	0	0.0000	CRITICAL
SPX	SPX.2023-02-23.sqlite	390	390	0	0	0	0.0000	CRITICAL
SPX	SPX.2023-02-15.sqlite	390	390	0	0	0	0.0000	CRITICAL
SPX	SPX.2023-01-05.sqlite	780	780	62400	390	389	0.4987	CRITICAL
SPX	SPX.2023-01-02.sqlite	0	0	0	0	0	0.0000	CRITICAL
SPX	SPX.2022-12-29.sqlite	390	390	0	0	0	0.0000	CRITICAL
SPX	SPX.2022-12-28.sqlite	390	390	0	0	0	0.0000	CRITICAL
SPX	SPX.2022-12-12.sqlite	390	390	0	0	0	0.0000	CRITICAL
SPX	SPX.2022-12-09.sqlite	390	390	0	0	0	0.0000	CRITICAL
SPX	SPX.2022-12-08.sqlite	390	390	0	0	0	0.0000	CRITICAL
SPX	SPX.2022-10-19.sqlite	390	390	0	0	0	0.0000	CRITICAL
SPX	SPX.2022-09-14.sqlite	390	390	0	0	0	0.0000	CRITICAL
SPX	SPX.2022-09-13.sqlite	390	390	0	0	0	0.0000	CRITICAL
SPX	SPX.2022-07-01.sqlite	390	390	0	0	0	0.0000	CRITICAL
SPX	SPX.2022-06-30.sqlite	390	390	0	0	0	0.0000	CRITICAL
SPX	SPX.2020-10-26.sqlite	390	390	0	0	0	0.0000	CRITICAL
SPX	SPX.2020-10-06.sqlite	390	390	0	0	0	0.0000	CRITICAL
SPX	SPX.2019-09-11.sqlite	390	390	0	0	0	0.0000	CRITICAL
SPX	SPX.2019-09-04.sqlite	390	390	0	0	0	0.0000	CRITICAL
SPX	SPX.2019-08-28.sqlite	390	390	0	0	0	0.0000	CRITICAL
SPX	SPX.2019-07-22.sqlite	390	390	0	0	0	0.0000	CRITICAL
SPX	SPX.2019-07-18.sqlite	390	390	0	0	0	0.0000	CRITICAL
SPX	SPX.2019-07-17.sqlite	390	390	0	0	0	0.0000	CRITICAL
SPX	SPX.2019-07-11.sqlite	390	390	0	0	0	0.0000	CRITICAL
SPX	SPX.2019-07-03.sqlite	390	390	0	0	0	0.0000	CRITICAL
SPX	SPX.2019-06-26.sqlite	390	390	0	0	0	0.0000	CRITICAL
SPX	SPX.2019-06-14.sqlite	390	390	0	0	0	0.0000	CRITICAL
SPX	SPX.2019-05-29.sqlite	390	390	0	0	0	0.0000	CRITICAL
SPX	SPX.2019-05-17.sqlite	390	390	0	0	0	0.0000	CRITICAL
SPX	SPX.2019-05-08.sqlite	390	390	0	0	0	0.0000	CRITICAL
SPX	SPX.2019-05-03.sqlite	390	390	0	0	0	0.0000	CRITICAL
SPX	SPX.2019-04-22.sqlite	390	390	0	0	0	0.0000	CRITICAL
SPX	SPX.2019-04-10.sqlite	390	390	0	0	0	0.0000	CRITICAL
SPX	SPX.2019-03-27.sqlite	390	390	0	0	0	0.0000	CRITICAL
SPX	SPX.2019-03-15.sqlite	390	390	0	0	0	0.0000	CRITICAL
SPX	SPX.2019-02-11.sqlite	390	390	0	0	0	0.0000	CRITICAL
SPX	SPX.2019-02-05.sqlite	390	390	0	0	0	0.0000	CRITICAL
SPX	SPX.2019-01-10.sqlite	390	390	0	0	0	0.0000	CRITICAL
SPX	SPX.2019-01-02.sqlite	390	390	0	0	0	0.0000	CRITICAL
SPX	SPX.2018-12-20.sqlite	390	390	0	0	0	0.0000	CRITICAL
SPX	SPX.2018-12-10.sqlite	390	390	0	0	0	0.0000	CRITICAL
SPX	SPX.2018-11-23.sqlite	390	390	0	0	0	0.0000	CRITICAL
SPX	SPX.2018-11-14.sqlite	390	390	0	0	0	0.0000	CRITICAL
SPX	SPX.2018-10-30.sqlite	390	390	0	0	0	0.0000	CRITICAL
SPX	SPX.2018-10-23.sqlite	390	390	0	0	0	0.0000	CRITICAL
SPX	SPX.2018-10-16.sqlite	390	390	0	0	0	0.0000	CRITICAL
SPX	SPX.2018-10-11.sqlite	390	390	0	0	0	0.0000	CRITICAL
SPX	SPX.2018-10-09.sqlite	390	390	0	0	0	0.0000	CRITICAL
SPX	SPX.2018-10-01.sqlite	390	390	0	0	0	0.0000	CRITICAL
SPX	SPX.2018-09-25.sqlite	390	390	0	0	0	0.0000	CRITICAL
SPX	SPX.2018-09-21.sqlite	390	390	0	0	0	0.0000	CRITICAL
SPX	SPX.2018-09-14.sqlite	390	390	0	0	0	0.0000	CRITICAL
SPX	SPX.2018-09-07.sqlite	390	390	0	0	0	0.0000	CRITICAL
SPX	SPX.2018-09-04.sqlite	390	390	0	0	0	0.0000	CRITICAL
SPX	SPX.2018-08-29.sqlite	390	390	0	0	0	0.0000	CRITICAL
SPX	SPX.2018-08-20.sqlite	390	390	0	0	0	0.0000	CRITICAL
SPX	SPX.2018-08-14.sqlite	390	390	0	0	0	0.0000	CRITICAL
SPX	SPX.2018-08-08.sqlite	390	390	0	0	0	0.0000	CRITICAL
SPX	SPX.2018-08-07.sqlite	390	390	0	0	0	0.0000	CRITICAL
SPX	SPX.2018-07-31.sqlite	390	390	0	0	0	0.0000	CRITICAL
SPX	SPX.2018-07-24.sqlite	390	390	0	0	0	0.0000	CRITICAL
SPX	SPX.2018-07-18.sqlite	390	390	0	0	0	0.0000	CRITICAL
SPX	SPX.2018-07-13.sqlite	390	390	0	0	0	0.0000	CRITICAL
SPX	SPX.2018-07-06.sqlite	390	390	0	0	0	0.0000	CRITICAL
SPX	SPX.2018-06-29.sqlite	390	390	0	0	0	0.0000	CRITICAL
SPX	SPX.2018-06-25.sqlite	390	390	0	0	0	0.0000	CRITICAL
SPX	SPX.2018-06-21.sqlite	390	390	0	0	0	0.0000	CRITICAL
SPX	SPX.2018-06-18.sqlite	390	390	0	0	0	0.0000	CRITICAL
SPX	SPX.2018-06-12.sqlite	390	390	0	0	0	0.0000	CRITICAL
SPX	SPX.2018-06-08.sqlite	390	390	0	0	0	0.0000	CRITICAL
SPX	SPX.2018-06-05.sqlite	390	390	0	0	0	0.0000	CRITICAL
SPX	SPX.2018-05-30.sqlite	390	390	0	0	0	0.0000	CRITICAL
SPX	SPX.2018-05-29.sqlite	390	390	0	0	0	0.0000	CRITICAL
SPX	SPX.2018-05-17.sqlite	390	390	0	0	0	0.0000	CRITICAL
SPX	SPX.2018-05-14.sqlite	390	390	0	0	0	0.0000	CRITICAL
SPX	SPX.2018-05-10.sqlite	390	390	0	0	0	0.0000	CRITICAL
SPX	SPX.2018-05-01.sqlite	390	390	0	0	0	0.0000	CRITICAL
SPX	SPX.2018-04-27.sqlite	390	390	0	0	0	0.0000	CRITICAL
SPX	SPX.2018-04-20.sqlite	390	390	0	0	0	0.0000	CRITICAL
SPX	SPX.2018-04-13.sqlite	390	390	0	0	0	0.0000	CRITICAL
SPX	SPX.2018-04-09.sqlite	390	390	0	0	0	0.0000	CRITICAL
SPX	SPX.2018-04-06.sqlite	390	390	0	0	0	0.0000	CRITICAL
SPX	SPX.2018-04-02.sqlite	390	390	0	0	0	0.0000	CRITICAL
SPX	SPX.2018-03-22.sqlite	390	390	0	0	0	0.0000	CRITICAL
SPX	SPX.2018-03-15.sqlite	390	390	0	0	0	0.0000	CRITICAL
SPX	SPX.2018-03-09.sqlite	390	390	0	0	0	0.0000	CRITICAL
SPX	SPX.2018-03-07.sqlite	390	390	0	0	0	0.0000	CRITICAL
SPX	SPX.2018-03-02.sqlite	390	390	0	0	0	0.0000	CRITICAL
SPX	SPX.2018-02-23.sqlite	390	390	0	0	0	0.0000	CRITICAL
SPX	SPX.2018-02-16.sqlite	390	390	0	0	0	0.0000	CRITICAL
SPX	SPX.2018-02-14.sqlite	390	390	0	0	0	0.0000	CRITICAL
SPX	SPX.2018-02-09.sqlite	390	390	0	0	0	0.0000	CRITICAL
SPX	SPX.2018-02-02.sqlite	390	390	0	0	0	0.0000	CRITICAL
SPX	SPX.2018-01-30.sqlite	390	390	0	0	0	0.0000	CRITICAL
SPX	SPX.2018-01-25.sqlite	390	390	0	0	0	0.0000	CRITICAL
SPX	SPX.2024-08-19.sqlite	780	780	31200	390	389	0.4987	CRITICAL
SPX	SPX.2024-07-03.sqlite	780	780	31200	390	389	0.4987	CRITICAL
SPX	SPX.2023-02-01.sqlite	780	780	62400	390	389	0.4987	CRITICAL
SPX	SPX.2023-01-09.sqlite	780	780	62400	390	389	0.4987	CRITICAL
SPX	SPX.2022-07-14.sqlite	390	390	0	0	0	0.0000	CRITICAL
SPX	SPX.2020-08-24.sqlite	390	390	0	0	0	0.0000	CRITICAL
SPX	SPX.2020-08-21.sqlite	390	390	0	0	0	0.0000	CRITICAL
SPX	SPX.2020-08-20.sqlite	390	390	0	0	0	0.0000	CRITICAL
SPX	SPX.2020-08-19.sqlite	390	390	0	0	0	0.0000	CRITICAL
SPX	SPX.2020-08-18.sqlite	390	390	0	0	0	0.0000	CRITICAL
SPX	SPX.2020-08-17.sqlite	390	390	0	0	0	0.0000	CRITICAL
SPX	SPX.2020-08-14.sqlite	390	390	0	0	0	0.0000	CRITICAL
SPX	SPX.2020-08-13.sqlite	390	390	0	0	0	0.0000	CRITICAL
SPX	SPX.2020-08-12.sqlite	390	390	0	0	0	0.0000	CRITICAL
SPX	SPX.2020-08-11.sqlite	390	390	0	0	0	0.0000	CRITICAL
SPX	SPX.2020-08-10.sqlite	390	390	0	0	0	0.0000	CRITICAL
SPX	SPX.2020-08-07.sqlite	390	390	0	0	0	0.0000	CRITICAL
SPX	SPX.2020-08-06.sqlite	390	390	0	0	0	0.0000	CRITICAL
SPX	SPX.2020-08-05.sqlite	390	390	0	0	0	0.0000	CRITICAL
SPX	SPX.2020-08-04.sqlite	390	390	0	0	0	0.0000	CRITICAL
SPX	SPX.2020-08-03.sqlite	390	390	0	0	0	0.0000	CRITICAL
SPX	SPX.2020-07-31.sqlite	390	390	0	0	0	0.0000	CRITICAL
SPX	SPX.2020-07-30.sqlite	390	390	0	0	0	0.0000	CRITICAL
SPX	SPX.2020-07-29.sqlite	390	390	0	0	0	0.0000	CRITICAL
SPX	SPX.2020-07-28.sqlite	390	390	0	0	0	0.0000	CRITICAL
SPX	SPX.2020-07-27.sqlite	390	390	0	0	0	0.0000	CRITICAL
SPX	SPX.2020-07-24.sqlite	390	390	0	0	0	0.0000	CRITICAL
SPX	SPX.2020-07-23.sqlite	390	390	0	0	0	0.0000	CRITICAL
SPX	SPX.2020-07-22.sqlite	390	390	0	0	0	0.0000	CRITICAL
SPX	SPX.2020-07-21.sqlite	390	390	0	0	0	0.0000	CRITICAL
SPX	SPX.2020-07-20.sqlite	390	390	0	0	0	0.0000	CRITICAL
SPX	SPX.2020-07-17.sqlite	390	390	0	0	0	0.0000	CRITICAL
SPX	SPX.2020-07-16.sqlite	390	390	0	0	0	0.0000	CRITICAL
SPX	SPX.2020-07-15.sqlite	390	390	0	0	0	0.0000	CRITICAL
SPX	SPX.2020-07-14.sqlite	390	390	0	0	0	0.0000	CRITICAL
SPX	SPX.2020-07-13.sqlite	390	390	0	0	0	0.0000	CRITICAL
SPX	SPX.2020-07-10.sqlite	390	390	0	0	0	0.0000	CRITICAL
SPX	SPX.2020-07-09.sqlite	390	390	0	0	0	0.0000	CRITICAL
SPX	SPX.2020-07-08.sqlite	390	390	0	0	0	0.0000	CRITICAL
SPX	SPX.2020-07-07.sqlite	390	390	0	0	0	0.0000	CRITICAL
SPX	SPX.2020-07-06.sqlite	390	390	0	0	0	0.0000	CRITICAL
SPX	SPX.2020-07-02.sqlite	390	390	0	0	0	0.0000	CRITICAL
SPX	SPX.2020-07-01.sqlite	390	390	0	0	0	0.0000	CRITICAL
SPX	SPX.2020-06-30.sqlite	390	390	0	0	0	0.0000	CRITICAL
SPX	SPX.2020-06-29.sqlite	390	390	0	0	0	0.0000	CRITICAL
SPX	SPX.2020-06-26.sqlite	390	390	0	0	0	0.0000	CRITICAL
SPX	SPX.2020-06-25.sqlite	390	390	0	0	0	0.0000	CRITICAL
SPX	SPX.2020-06-24.sqlite	390	390	0	0	0	0.0000	CRITICAL
SPX	SPX.2020-06-23.sqlite	390	390	0	0	0	0.0000	CRITICAL
SPX	SPX.2020-06-22.sqlite	390	390	0	0	0	0.0000	CRITICAL
SPX	SPX.2020-06-19.sqlite	390	390	0	0	0	0.0000	CRITICAL
SPX	SPX.2020-06-18.sqlite	390	390	0	0	0	0.0000	CRITICAL
SPX	SPX.2020-06-17.sqlite	390	390	0	0	0	0.0000	CRITICAL
SPX	SPX.2020-06-16.sqlite	390	390	0	0	0	0.0000	CRITICAL
SPX	SPX.2020-06-15.sqlite	390	390	0	0	0	0.0000	CRITICAL
SPX	SPX.2020-06-12.sqlite	390	390	0	0	0	0.0000	CRITICAL
SPX	SPX.2020-06-11.sqlite	390	390	0	0	0	0.0000	CRITICAL
SPX	SPX.2020-06-10.sqlite	390	390	0	0	0	0.0000	CRITICAL
SPX	SPX.2020-06-09.sqlite	390	390	0	0	0	0.0000	CRITICAL
SPX	SPX.2020-06-08.sqlite	390	390	0	0	0	0.0000	CRITICAL
SPX	SPX.2020-06-05.sqlite	390	390	0	0	0	0.0000	CRITICAL
SPX	SPX.2020-06-04.sqlite	390	390	0	0	0	0.0000	CRITICAL
SPX	SPX.2020-06-03.sqlite	390	390	0	0	0	0.0000	CRITICAL
SPX	SPX.2020-06-02.sqlite	390	390	0	0	0	0.0000	CRITICAL
SPX	SPX.2020-06-01.sqlite	390	390	0	0	0	0.0000	CRITICAL
SPX	SPX.2020-05-29.sqlite	390	390	0	0	0	0.0000	CRITICAL
SPX	SPX.2020-05-28.sqlite	390	390	0	0	0	0.0000	CRITICAL
SPX	SPX.2020-05-27.sqlite	390	390	0	0	0	0.0000	CRITICAL
SPX	SPX.2020-05-26.sqlite	390	390	0	0	0	0.0000	CRITICAL
SPX	SPX.2020-05-22.sqlite	390	390	0	0	0	0.0000	CRITICAL
SPX	SPX.2020-05-21.sqlite	390	390	0	0	0	0.0000	CRITICAL
SPX	SPX.2020-05-20.sqlite	390	390	0	0	0	0.0000	CRITICAL
SPX	SPX.2020-05-19.sqlite	390	390	0	0	0	0.0000	CRITICAL
SPX	SPX.2020-05-18.sqlite	390	390	0	0	0	0.0000	CRITICAL
SPX	SPX.2020-05-15.sqlite	390	390	0	0	0	0.0000	CRITICAL
SPX	SPX.2020-05-14.sqlite	390	390	0	0	0	0.0000	CRITICAL
SPX	SPX.2020-05-13.sqlite	390	390	0	0	0	0.0000	CRITICAL
SPX	SPX.2020-05-12.sqlite	390	390	0	0	0	0.0000	CRITICAL
SPX	SPX.2020-05-11.sqlite	390	390	0	0	0	0.0000	CRITICAL
SPX	SPX.2020-05-08.sqlite	390	390	0	0	0	0.0000	CRITICAL
SPX	SPX.2020-05-07.sqlite	390	390	0	0	0	0.0000	CRITICAL
SPX	SPX.2020-05-06.sqlite	390	390	0	0	0	0.0000	CRITICAL
SPX	SPX.2020-05-05.sqlite	390	390	0	0	0	0.0000	CRITICAL
SPX	SPX.2020-05-04.sqlite	390	390	0	0	0	0.0000	CRITICAL
SPX	SPX.2020-05-01.sqlite	390	390	0	0	0	0.0000	CRITICAL
SPX	SPX.2020-04-30.sqlite	390	390	0	0	0	0.0000	CRITICAL
SPX	SPX.2020-04-29.sqlite	390	390	0	0	0	0.0000	CRITICAL
SPX	SPX.2020-04-28.sqlite	390	390	0	0	0	0.0000	CRITICAL
SPX	SPX.2020-04-27.sqlite	390	390	0	0	0	0.0000	CRITICAL
SPX	SPX.2020-04-24.sqlite	390	390	0	0	0	0.0000	CRITICAL
SPX	SPX.2020-04-23.sqlite	390	390	0	0	0	0.0000	CRITICAL
SPX	SPX.2020-04-22.sqlite	390	390	0	0	0	0.0000	CRITICAL
SPX	SPX.2020-04-21.sqlite	390	390	0	0	0	0.0000	CRITICAL
SPX	SPX.2020-04-20.sqlite	390	390	0	0	0	0.0000	CRITICAL
SPX	SPX.2020-04-17.sqlite	390	390	0	0	0	0.0000	CRITICAL
SPX	SPX.2020-04-16.sqlite	390	390	0	0	0	0.0000	CRITICAL
SPX	SPX.2020-04-15.sqlite	390	390	0	0	0	0.0000	CRITICAL
SPX	SPX.2020-04-14.sqlite	390	390	0	0	0	0.0000	CRITICAL
SPX	SPX.2020-04-13.sqlite	390	390	0	0	0	0.0000	CRITICAL
SPX	SPX.2020-04-09.sqlite	390	390	0	0	0	0.0000	CRITICAL
SPX	SPX.2020-04-08.sqlite	390	390	0	0	0	0.0000	CRITICAL
SPX	SPX.2020-04-07.sqlite	390	390	0	0	0	0.0000	CRITICAL
SPX	SPX.2020-04-06.sqlite	390	390	0	0	0	0.0000	CRITICAL
SPX	SPX.2020-04-03.sqlite	390	390	0	0	0	0.0000	CRITICAL
SPX	SPX.2020-04-02.sqlite	390	390	0	0	0	0.0000	CRITICAL
SPX	SPX.2020-04-01.sqlite	390	390	0	0	0	0.0000	CRITICAL
SPX	SPX.2020-03-31.sqlite	390	390	0	0	0	0.0000	CRITICAL
SPX	SPX.2020-03-30.sqlite	390	390	0	0	0	0.0000	CRITICAL
SPX	SPX.2020-03-27.sqlite	390	390	0	0	0	0.0000	CRITICAL
SPX	SPX.2020-03-26.sqlite	390	390	0	0	0	0.0000	CRITICAL
SPX	SPX.2020-03-25.sqlite	390	390	0	0	0	0.0000	CRITICAL
SPX	SPX.2020-03-24.sqlite	390	390	0	0	0	0.0000	CRITICAL
SPX	SPX.2020-03-23.sqlite	390	390	0	0	0	0.0000	CRITICAL
SPX	SPX.2020-03-20.sqlite	390	390	0	0	0	0.0000	CRITICAL
SPX	SPX.2020-03-19.sqlite	390	390	0	0	0	0.0000	CRITICAL
SPX	SPX.2020-03-18.sqlite	390	390	0	0	0	0.0000	CRITICAL
SPX	SPX.2020-03-17.sqlite	390	390	0	0	0	0.0000	CRITICAL
SPX	SPX.2020-03-16.sqlite	390	390	0	0	0	0.0000	CRITICAL
SPX	SPX.2020-03-13.sqlite	390	390	0	0	0	0.0000	CRITICAL
SPX	SPX.2020-03-12.sqlite	390	390	0	0	0	0.0000	CRITICAL
SPX	SPX.2020-03-11.sqlite	390	390	0	0	0	0.0000	CRITICAL
SPX	SPX.2020-03-10.sqlite	390	390	0	0	0	0.0000	CRITICAL
SPX	SPX.2020-03-09.sqlite	390	390	0	0	0	0.0000	CRITICAL
SPX	SPX.2020-03-06.sqlite	390	390	0	0	0	0.0000	CRITICAL
SPX	SPX.2020-03-05.sqlite	390	390	0	0	0	0.0000	CRITICAL
SPX	SPX.2020-03-04.sqlite	390	390	0	0	0	0.0000	CRITICAL
SPX	SPX.2020-03-03.sqlite	390	390	0	0	0	0.0000	CRITICAL
SPX	SPX.2020-03-02.sqlite	390	390	0	0	0	0.0000	CRITICAL
SPX	SPX.2020-02-28.sqlite	390	390	0	0	0	0.0000	CRITICAL
SPX	SPX.2020-02-27.sqlite	390	390	0	0	0	0.0000	CRITICAL
SPX	SPX.2020-02-26.sqlite	390	390	0	0	0	0.0000	CRITICAL
SPX	SPX.2020-02-25.sqlite	390	390	0	0	0	0.0000	CRITICAL
SPX	SPX.2020-02-24.sqlite	390	390	0	0	0	0.0000	CRITICAL
SPX	SPX.2020-02-21.sqlite	390	390	0	0	0	0.0000	CRITICAL
SPX	SPX.2020-02-20.sqlite	390	390	0	0	0	0.0000	CRITICAL
SPX	SPX.2020-02-19.sqlite	390	390	0	0	0	0.0000	CRITICAL
SPX	SPX.2020-02-18.sqlite	390	390	0	0	0	0.0000	CRITICAL
SPX	SPX.2020-02-14.sqlite	390	390	0	0	0	0.0000	CRITICAL
SPX	SPX.2020-02-13.sqlite	390	390	0	0	0	0.0000	CRITICAL
SPX	SPX.2020-02-12.sqlite	390	390	0	0	0	0.0000	CRITICAL
SPX	SPX.2020-02-11.sqlite	390	390	0	0	0	0.0000	CRITICAL
SPX	SPX.2020-02-10.sqlite	390	390	0	0	0	0.0000	CRITICAL
SPX	SPX.2020-02-07.sqlite	390	390	0	0	0	0.0000	CRITICAL
SPX	SPX.2020-02-06.sqlite	390	390	0	0	0	0.0000	CRITICAL
SPX	SPX.2020-02-05.sqlite	390	390	0	0	0	0.0000	CRITICAL
SPX	SPX.2020-02-04.sqlite	390	390	0	0	0	0.0000	CRITICAL
SPX	SPX.2020-02-03.sqlite	390	390	0	0	0	0.0000	CRITICAL
SPX	SPX.2020-01-31.sqlite	390	390	0	0	0	0.0000	CRITICAL
SPX	SPX.2020-01-30.sqlite	390	390	0	0	0	0.0000	CRITICAL
SPX	SPX.2020-01-29.sqlite	390	390	0	0	0	0.0000	CRITICAL
SPX	SPX.2020-01-28.sqlite	390	390	0	0	0	0.0000	CRITICAL
SPX	SPX.2020-01-27.sqlite	390	390	0	0	0	0.0000	CRITICAL
SPX	SPX.2020-01-24.sqlite	390	390	0	0	0	0.0000	CRITICAL
SPX	SPX.2020-01-23.sqlite	390	390	0	0	0	0.0000	CRITICAL
SPX	SPX.2020-01-22.sqlite	390	390	0	0	0	0.0000	CRITICAL
SPX	SPX.2020-01-21.sqlite	390	390	0	0	0	0.0000	CRITICAL
SPX	SPX.2020-01-17.sqlite	390	390	0	0	0	0.0000	CRITICAL
SPX	SPX.2020-01-16.sqlite	390	390	0	0	0	0.0000	CRITICAL
SPX	SPX.2020-01-15.sqlite	390	390	0	0	0	0.0000	CRITICAL
SPX	SPX.2020-01-14.sqlite	390	390	0	0	0	0.0000	CRITICAL
SPX	SPX.2020-01-13.sqlite	390	390	0	0	0	0.0000	CRITICAL
SPX	SPX.2020-01-10.sqlite	390	390	0	0	0	0.0000	CRITICAL
SPX	SPX.2020-01-09.sqlite	390	390	0	0	0	0.0000	CRITICAL
SPX	SPX.2020-01-08.sqlite	390	390	0	0	0	0.0000	CRITICAL
SPX	SPX.2020-01-07.sqlite	390	390	0	0	0	0.0000	CRITICAL
SPX	SPX.2020-01-06.sqlite	390	390	0	0	0	0.0000	CRITICAL
SPX	SPX.2020-01-03.sqlite	390	390	0	0	0	0.0000	CRITICAL
SPX	SPX.2020-01-02.sqlite	390	390	0	0	0	0.0000	CRITICAL
SPX	SPX.2019-12-31.sqlite	390	390	0	0	0	0.0000	CRITICAL
SPX	SPX.2019-12-30.sqlite	390	390	0	0	0	0.0000	CRITICAL
SPX	SPX.2019-12-27.sqlite	390	390	0	0	0	0.0000	CRITICAL
SPX	SPX.2019-12-26.sqlite	390	390	0	0	0	0.0000	CRITICAL
SPX	SPX.2019-12-24.sqlite	390	390	0	0	0	0.0000	CRITICAL
SPX	SPX.2019-12-23.sqlite	390	390	0	0	0	0.0000	CRITICAL
SPX	SPX.2019-12-20.sqlite	390	390	0	0	0	0.0000	CRITICAL
SPX	SPX.2019-12-19.sqlite	390	390	0	0	0	0.0000	CRITICAL
SPX	SPX.2019-12-18.sqlite	390	390	0	0	0	0.0000	CRITICAL
SPX	SPX.2019-12-17.sqlite	390	390	0	0	0	0.0000	CRITICAL
SPX	SPX.2019-12-16.sqlite	390	390	0	0	0	0.0000	CRITICAL
SPX	SPX.2019-12-13.sqlite	390	390	0	0	0	0.0000	CRITICAL
SPX	SPX.2019-12-12.sqlite	390	390	0	0	0	0.0000	CRITICAL
SPX	SPX.2019-12-11.sqlite	390	390	0	0	0	0.0000	CRITICAL
SPX	SPX.2019-12-10.sqlite	390	390	0	0	0	0.0000	CRITICAL
SPX	SPX.2019-12-09.sqlite	390	390	0	0	0	0.0000	CRITICAL
SPX	SPX.2019-12-06.sqlite	390	390	0	0	0	0.0000	CRITICAL
SPX	SPX.2019-12-05.sqlite	390	390	0	0	0	0.0000	CRITICAL
SPX	SPX.2019-12-04.sqlite	390	390	0	0	0	0.0000	CRITICAL
SPX	SPX.2019-12-03.sqlite	390	390	0	0	0	0.0000	CRITICAL
SPX	SPX.2019-12-02.sqlite	390	390	0	0	0	0.0000	CRITICAL
SPX	SPX.2019-11-29.sqlite	390	390	0	0	0	0.0000	CRITICAL
SPX	SPX.2019-11-27.sqlite	390	390	0	0	0	0.0000	CRITICAL
SPX	SPX.2019-11-26.sqlite	390	390	0	0	0	0.0000	CRITICAL
SPX	SPX.2019-11-25.sqlite	390	390	0	0	0	0.0000	CRITICAL
SPX	SPX.2019-11-22.sqlite	390	390	0	0	0	0.0000	CRITICAL
SPX	SPX.2019-11-21.sqlite	390	390	0	0	0	0.0000	CRITICAL
SPX	SPX.2019-11-20.sqlite	390	390	0	0	0	0.0000	CRITICAL
SPX	SPX.2019-11-19.sqlite	390	390	0	0	0	0.0000	CRITICAL
SPX	SPX.2019-11-18.sqlite	390	390	0	0	0	0.0000	CRITICAL
SPX	SPX.2019-11-15.sqlite	390	390	0	0	0	0.0000	CRITICAL
SPX	SPX.2019-11-14.sqlite	390	390	0	0	0	0.0000	CRITICAL
SPX	SPX.2019-11-13.sqlite	390	390	0	0	0	0.0000	CRITICAL
SPX	SPX.2019-11-12.sqlite	390	390	0	0	0	0.0000	CRITICAL
SPX	SPX.2019-11-11.sqlite	390	390	0	0	0	0.0000	CRITICAL
SPX	SPX.2019-11-08.sqlite	390	390	0	0	0	0.0000	CRITICAL
SPX	SPX.2019-11-07.sqlite	390	390	0	0	0	0.0000	CRITICAL
SPX	SPX.2019-11-06.sqlite	390	390	0	0	0	0.0000	CRITICAL
SPX	SPX.2019-11-05.sqlite	390	390	0	0	0	0.0000	CRITICAL
SPX	SPX.2019-11-04.sqlite	390	390	0	0	0	0.0000	CRITICAL
SPX	SPX.2019-11-01.sqlite	390	390	0	0	0	0.0000	CRITICAL
SPX	SPX.2019-10-31.sqlite	390	390	0	0	0	0.0000	CRITICAL
SPX	SPX.2019-10-30.sqlite	390	390	0	0	0	0.0000	CRITICAL
SPX	SPX.2019-10-29.sqlite	390	390	0	0	0	0.0000	CRITICAL
SPX	SPX.2019-10-28.sqlite	390	390	0	0	0	0.0000	CRITICAL
SPX	SPX.2019-10-25.sqlite	390	390	0	0	0	0.0000	CRITICAL
SPX	SPX.2019-10-24.sqlite	390	390	0	0	0	0.0000	CRITICAL
SPX	SPX.2019-10-23.sqlite	390	390	0	0	0	0.0000	CRITICAL
SPX	SPX.2019-10-22.sqlite	390	390	0	0	0	0.0000	CRITICAL
SPX	SPX.2019-10-21.sqlite	390	390	0	0	0	0.0000	CRITICAL
SPX	SPX.2019-10-18.sqlite	390	390	0	0	0	0.0000	CRITICAL
SPX	SPX.2019-10-17.sqlite	390	390	0	0	0	0.0000	CRITICAL
SPX	SPX.2019-10-16.sqlite	390	390	0	0	0	0.0000	CRITICAL
SPX	SPX.2019-10-15.sqlite	390	390	0	0	0	0.0000	CRITICAL
SPX	SPX.2019-10-14.sqlite	390	390	0	0	0	0.0000	CRITICAL
SPX	SPX.2019-10-11.sqlite	390	390	0	0	0	0.0000	CRITICAL
SPX	SPX.2019-10-10.sqlite	390	390	0	0	0	0.0000	CRITICAL
SPX	SPX.2019-10-09.sqlite	390	390	0	0	0	0.0000	CRITICAL
SPX	SPX.2019-10-08.sqlite	390	390	0	0	0	0.0000	CRITICAL
SPX	SPX.2019-10-07.sqlite	390	390	0	0	0	0.0000	CRITICAL
SPX	SPX.2019-10-04.sqlite	390	390	0	0	0	0.0000	CRITICAL
SPX	SPX.2019-10-03.sqlite	390	390	0	0	0	0.0000	CRITICAL
SPX	SPX.2019-10-02.sqlite	390	390	0	0	0	0.0000	CRITICAL
SPX	SPX.2019-10-01.sqlite	390	390	0	0	0	0.0000	CRITICAL
SPX	SPX.2019-09-30.sqlite	390	390	0	0	0	0.0000	CRITICAL
SPX	SPX.2019-09-27.sqlite	390	390	0	0	0	0.0000	CRITICAL
SPX	SPX.2019-09-26.sqlite	390	390	0	0	0	0.0000	CRITICAL
SPX	SPX.2019-09-25.sqlite	390	390	0	0	0	0.0000	CRITICAL
SPX	SPX.2019-09-24.sqlite	390	390	0	0	0	0.0000	CRITICAL
SPX	SPX.2019-09-23.sqlite	390	390	0	0	0	0.0000	CRITICAL
SPX	SPX.2019-09-20.sqlite	390	390	0	0	0	0.0000	CRITICAL
SPX	SPX.2019-09-19.sqlite	390	390	0	0	0	0.0000	CRITICAL
SPX	SPX.2019-09-18.sqlite	390	390	0	0	0	0.0000	CRITICAL
SPX	SPX.2019-09-17.sqlite	390	390	0	0	0	0.0000	CRITICAL
SPX	SPX.2019-09-16.sqlite	390	390	0	0	0	0.0000	CRITICAL
SPX	SPX.2019-09-13.sqlite	390	390	0	0	0	0.0000	CRITICAL
SPX	SPX.2019-09-12.sqlite	390	390	0	0	0	0.0000	CRITICAL
SPX	SPX.2019-08-02.sqlite	390	390	0	0	0	0.0000	CRITICAL
SPX	SPX.2019-07-26.sqlite	390	390	0	0	0	0.0000	CRITICAL
SPX	SPX.2019-07-25.sqlite	390	390	0	0	0	0.0000	CRITICAL
SPX	SPX.2019-06-18.sqlite	390	390	0	0	0	0.0000	CRITICAL
SPX	SPX.2019-06-11.sqlite	390	390	0	0	0	0.0000	CRITICAL
SPX	SPX.2019-06-04.sqlite	390	390	0	0	0	0.0000	CRITICAL
SPX	SPX.2019-05-22.sqlite	390	390	0	0	0	0.0000	CRITICAL
SPX	SPX.2019-05-14.sqlite	390	390	0	0	0	0.0000	CRITICAL
SPX	SPX.2019-05-07.sqlite	390	390	0	0	0	0.0000	CRITICAL
SPX	SPX.2019-04-26.sqlite	390	390	0	0	0	0.0000	CRITICAL
SPX	SPX.2019-04-16.sqlite	390	390	0	0	0	0.0000	CRITICAL
SPX	SPX.2019-04-08.sqlite	390	390	0	0	0	0.0000	CRITICAL
SPX	SPX.2019-04-01.sqlite	390	390	0	0	0	0.0000	CRITICAL
SPX	SPX.2019-03-19.sqlite	390	390	0	0	0	0.0000	CRITICAL
SPX	SPX.2019-03-12.sqlite	390	390	0	0	0	0.0000	CRITICAL
SPX	SPX.2019-03-06.sqlite	390	390	0	0	0	0.0000	CRITICAL
SPX	SPX.2019-02-28.sqlite	390	390	0	0	0	0.0000	CRITICAL
SPX	SPX.2019-02-21.sqlite	390	390	0	0	0	0.0000	CRITICAL
SPX	SPX.2019-02-20.sqlite	390	390	0	0	0	0.0000	CRITICAL
SPX	SPX.2019-02-12.sqlite	390	390	0	0	0	0.0000	CRITICAL
SPX	SPX.2019-01-16.sqlite	390	390	0	0	0	0.0000	CRITICAL
SPX	SPX.2019-01-15.sqlite	390	390	0	0	0	0.0000	CRITICAL
SPX	SPX.2019-01-04.sqlite	390	390	0	0	0	0.0000	CRITICAL
SPX	SPX.2018-12-21.sqlite	390	390	0	0	0	0.0000	CRITICAL
SPX	SPX.2018-12-12.sqlite	390	390	0	0	0	0.0000	CRITICAL
SPX	SPX.2018-12-04.sqlite	390	390	0	0	0	0.0000	CRITICAL
SPX	SPX.2018-11-27.sqlite	390	390	0	0	0	0.0000	CRITICAL
SPX	SPX.2018-11-15.sqlite	390	390	0	0	0	0.0000	CRITICAL
SPX	SPX.2018-11-07.sqlite	390	390	0	0	0	0.0000	CRITICAL
SPX	SPX.2018-10-29.sqlite	390	390	0	0	0	0.0000	CRITICAL
SPX	SPX.2018-10-22.sqlite	390	390	0	0	0	0.0000	CRITICAL
SPX	SPX.2018-10-19.sqlite	390	390	0	0	0	0.0000	CRITICAL
SPX	SPX.2018-10-15.sqlite	390	390	0	0	0	0.0000	CRITICAL
SPX	SPX.2018-10-04.sqlite	390	390	0	0	0	0.0000	CRITICAL
SPX	SPX.2018-10-02.sqlite	390	390	0	0	0	0.0000	CRITICAL
SPX	SPX.2018-09-26.sqlite	390	390	0	0	0	0.0000	CRITICAL
SPX	SPX.2018-09-20.sqlite	390	390	0	0	0	0.0000	CRITICAL
SPX	SPX.2018-09-12.sqlite	390	390	0	0	0	0.0000	CRITICAL
SPX	SPX.2018-09-11.sqlite	390	390	0	0	0	0.0000	CRITICAL
SPX	SPX.2018-08-30.sqlite	390	390	0	0	0	0.0000	CRITICAL
SPX	SPX.2018-08-24.sqlite	390	390	0	0	0	0.0000	CRITICAL
SPX	SPX.2018-08-21.sqlite	390	390	0	0	0	0.0000	CRITICAL
SPX	SPX.2018-08-17.sqlite	390	390	0	0	0	0.0000	CRITICAL
SPX	SPX.2018-08-09.sqlite	390	390	0	0	0	0.0000	CRITICAL
SPX	SPX.2018-08-02.sqlite	390	390	0	0	0	0.0000	CRITICAL
SPX	SPX.2018-07-27.sqlite	390	390	0	0	0	0.0000	CRITICAL
SPX	SPX.2018-07-23.sqlite	390	390	0	0	0	0.0000	CRITICAL
SPX	SPX.2018-07-17.sqlite	390	390	0	0	0	0.0000	CRITICAL
SPX	SPX.2018-07-11.sqlite	390	390	0	0	0	0.0000	CRITICAL
SPX	SPX.2018-07-10.sqlite	390	390	0	0	0	0.0000	CRITICAL
SPX	SPX.2018-07-02.sqlite	390	390	0	0	0	0.0000	CRITICAL
SPX	SPX.2018-06-27.sqlite	390	390	0	0	0	0.0000	CRITICAL
SPX	SPX.2018-06-20.sqlite	390	390	0	0	0	0.0000	CRITICAL
SPX	SPX.2018-06-15.sqlite	390	390	0	0	0	0.0000	CRITICAL
SPX	SPX.2018-06-13.sqlite	390	390	0	0	0	0.0000	CRITICAL
SPX	SPX.2018-06-07.sqlite	390	390	0	0	0	0.0000	CRITICAL
SPX	SPX.2018-06-06.sqlite	390	390	0	0	0	0.0000	CRITICAL
SPX	SPX.2018-05-31.sqlite	390	390	0	0	0	0.0000	CRITICAL
SPX	SPX.2018-05-24.sqlite	390	390	0	0	0	0.0000	CRITICAL
SPX	SPX.2018-05-18.sqlite	390	390	0	0	0	0.0000	CRITICAL
SPX	SPX.2018-05-15.sqlite	390	390	0	0	0	0.0000	CRITICAL
SPX	SPX.2018-05-07.sqlite	390	390	0	0	0	0.0000	CRITICAL
SPX	SPX.2018-05-04.sqlite	390	390	0	0	0	0.0000	CRITICAL
SPX	SPX.2018-04-25.sqlite	390	390	0	0	0	0.0000	CRITICAL
SPX	SPX.2018-04-23.sqlite	390	390	0	0	0	0.0000	CRITICAL
SPX	SPX.2018-04-18.sqlite	390	390	0	0	0	0.0000	CRITICAL
SPX	SPX.2018-04-12.sqlite	390	390	0	0	0	0.0000	CRITICAL
SPX	SPX.2018-04-04.sqlite	390	390	0	0	0	0.0000	CRITICAL
SPX	SPX.2018-03-28.sqlite	390	390	0	0	0	0.0000	CRITICAL
SPX	SPX.2018-03-26.sqlite	390	390	0	0	0	0.0000	CRITICAL
SPX	SPX.2018-03-20.sqlite	390	390	0	0	0	0.0000	CRITICAL
SPX	SPX.2018-03-14.sqlite	390	390	0	0	0	0.0000	CRITICAL
SPX	SPX.2018-03-06.sqlite	390	390	0	0	0	0.0000	CRITICAL
SPX	SPX.2018-02-27.sqlite	390	390	0	0	0	0.0000	CRITICAL
SPX	SPX.2018-02-06.sqlite	390	390	0	0	0	0.0000	CRITICAL
SPX	SPX.2018-02-05.sqlite	390	390	0	0	0	0.0000	CRITICAL
SPX	SPX.2018-01-22.sqlite	390	390	0	0	0	0.0000	CRITICAL
SPX	SPX.2018-01-19.sqlite	390	390	0	0	0	0.0000	CRITICAL
SPX	SPX.2018-01-18.sqlite	390	390	0	0	0	0.0000	CRITICAL
SPX	SPX.2018-01-17.sqlite	390	390	0	0	0	0.0000	CRITICAL
SPX	SPX.2018-01-16.sqlite	390	390	0	0	0	0.0000	CRITICAL
SPX	SPX.2018-01-12.sqlite	390	390	0	0	0	0.0000	CRITICAL
SPX	SPX.2018-01-11.sqlite	390	390	0	0	0	0.0000	CRITICAL
SPX	SPX.2018-01-10.sqlite	390	390	0	0	0	0.0000	CRITICAL
SPX	SPX.2018-01-09.sqlite	390	390	0	0	0	0.0000	CRITICAL
SPX	SPX.2018-01-08.sqlite	390	390	0	0	0	0.0000	CRITICAL
SPX	SPX.2018-01-05.sqlite	390	390	0	0	0	0.0000	CRITICAL
SPX	SPX.2018-01-04.sqlite	390	390	0	0	0	0.0000	CRITICAL
SPX	SPX.2018-01-03.sqlite	390	390	0	0	0	0.0000	CRITICAL
SPX	SPX.2018-01-02.sqlite	390	390	0	0	0	0.0000	CRITICAL
SPX	SPX.2024-08-26.sqlite	780	780	31200	390	389	0.4987	CRITICAL
SPX	SPX.2024-07-05.sqlite	780	780	31200	390	389	0.4987	CRITICAL
SPX	SPX.2023-01-27.sqlite	780	780	62400	390	389	0.4987	CRITICAL
SPX	SPX.2023-01-04.sqlite	780	780	62400	390	389	0.4987	CRITICAL
SPX	SPX.2022-05-09.sqlite	390	390	0	0	0	0.0000	CRITICAL
SPX	SPX.2022-01-24.sqlite	390	390	0	0	0	0.0000	CRITICAL
SPX	SPX.2022-01-21.sqlite	390	390	0	0	0	0.0000	CRITICAL
SPX	SPX.2022-01-20.sqlite	390	390	0	0	0	0.0000	CRITICAL
SPX	SPX.2022-01-12.sqlite	390	390	0	0	0	0.0000	CRITICAL
SPX	SPX.2022-01-11.sqlite	390	390	0	0	0	0.0000	CRITICAL
SPX	SPX.2021-11-02.sqlite	390	390	0	0	0	0.0000	CRITICAL
SPX	SPX.2019-08-30.sqlite	390	390	0	0	0	0.0000	CRITICAL
SPX	SPX.2019-08-26.sqlite	390	390	0	0	0	0.0000	CRITICAL
SPX	SPX.2019-08-19.sqlite	390	390	0	0	0	0.0000	CRITICAL
SPX	SPX.2019-08-14.sqlite	390	390	0	0	0	0.0000	CRITICAL
SPX	SPX.2019-08-07.sqlite	390	390	0	0	0	0.0000	CRITICAL
SPX	SPX.2019-07-29.sqlite	390	390	0	0	0	0.0000	CRITICAL
SPX	SPX.2019-06-20.sqlite	390	390	0	0	0	0.0000	CRITICAL
SPX	SPX.2019-06-13.sqlite	390	390	0	0	0	0.0000	CRITICAL
SPX	SPX.2019-06-06.sqlite	390	390	0	0	0	0.0000	CRITICAL
SPX	SPX.2019-05-23.sqlite	390	390	0	0	0	0.0000	CRITICAL
SPX	SPX.2019-05-16.sqlite	390	390	0	0	0	0.0000	CRITICAL
SPX	SPX.2019-05-01.sqlite	390	390	0	0	0	0.0000	CRITICAL
SPX	SPX.2019-04-23.sqlite	390	390	0	0	0	0.0000	CRITICAL
SPX	SPX.2019-04-09.sqlite	390	390	0	0	0	0.0000	CRITICAL
SPX	SPX.2019-04-02.sqlite	390	390	0	0	0	0.0000	CRITICAL
SPX	SPX.2019-03-25.sqlite	390	390	0	0	0	0.0000	CRITICAL
SPX	SPX.2019-03-20.sqlite	390	390	0	0	0	0.0000	CRITICAL
SPX	SPX.2019-02-07.sqlite	390	390	0	0	0	0.0000	CRITICAL
SPX	SPX.2019-02-04.sqlite	390	390	0	0	0	0.0000	CRITICAL
SPX	SPX.2019-02-01.sqlite	390	390	0	0	0	0.0000	CRITICAL
SPX	SPX.2019-01-31.sqlite	390	390	0	0	0	0.0000	CRITICAL
SPX	SPX.2019-01-30.sqlite	390	390	0	0	0	0.0000	CRITICAL
SPX	SPX.2019-01-29.sqlite	390	390	0	0	0	0.0000	CRITICAL
SPX	SPX.2019-01-28.sqlite	390	390	0	0	0	0.0000	CRITICAL
SPX	SPX.2019-01-25.sqlite	390	390	0	0	0	0.0000	CRITICAL
SPX	SPX.2019-01-24.sqlite	390	390	0	0	0	0.0000	CRITICAL
SPX	SPX.2019-01-08.sqlite	390	390	0	0	0	0.0000	CRITICAL
SPX	SPX.2019-01-03.sqlite	390	390	0	0	0	0.0000	CRITICAL
SPX	SPX.2018-12-24.sqlite	390	390	0	0	0	0.0000	CRITICAL
SPX	SPX.2018-12-14.sqlite	390	390	0	0	0	0.0000	CRITICAL
SPX	SPX.2018-12-07.sqlite	390	390	0	0	0	0.0000	CRITICAL
SPX	SPX.2018-11-28.sqlite	390	390	0	0	0	0.0000	CRITICAL
SPX	SPX.2018-11-16.sqlite	390	390	0	0	0	0.0000	CRITICAL
SPX	SPX.2018-11-12.sqlite	390	390	0	0	0	0.0000	CRITICAL
SPX	SPX.2018-11-02.sqlite	390	390	0	0	0	0.0000	CRITICAL
SPX	SPX.2018-10-25.sqlite	390	390	0	0	0	0.0000	CRITICAL
SPX	SPX.2018-10-18.sqlite	390	390	0	0	0	0.0000	CRITICAL
SPX	SPX.2018-10-10.sqlite	390	390	0	0	0	0.0000	CRITICAL
SPX	SPX.2018-10-08.sqlite	390	390	0	0	0	0.0000	CRITICAL
SPX	SPX.2018-09-28.sqlite	390	390	0	0	0	0.0000	CRITICAL
SPX	SPX.2018-09-24.sqlite	390	390	0	0	0	0.0000	CRITICAL
SPX	SPX.2018-09-19.sqlite	390	390	0	0	0	0.0000	CRITICAL
SPX	SPX.2018-09-17.sqlite	390	390	0	0	0	0.0000	CRITICAL
SPX	SPX.2018-09-10.sqlite	390	390	0	0	0	0.0000	CRITICAL
SPX	SPX.2018-08-31.sqlite	390	390	0	0	0	0.0000	CRITICAL
SPX	SPX.2018-08-27.sqlite	390	390	0	0	0	0.0000	CRITICAL
SPX	SPX.2018-08-22.sqlite	390	390	0	0	0	0.0000	CRITICAL
SPX	SPX.2018-08-16.sqlite	390	390	0	0	0	0.0000	CRITICAL
SPX	SPX.2018-08-13.sqlite	390	390	0	0	0	0.0000	CRITICAL
SPX	SPX.2018-08-06.sqlite	390	390	0	0	0	0.0000	CRITICAL
SPX	SPX.2018-07-30.sqlite	390	390	0	0	0	0.0000	CRITICAL
SPX	SPX.2018-07-26.sqlite	390	390	0	0	0	0.0000	CRITICAL
SPX	SPX.2018-07-20.sqlite	390	390	0	0	0	0.0000	CRITICAL
SPX	SPX.2018-07-16.sqlite	390	390	0	0	0	0.0000	CRITICAL
SPX	SPX.2018-07-05.sqlite	390	390	0	0	0	0.0000	CRITICAL
SPX	SPX.2018-07-03.sqlite	390	390	0	0	0	0.0000	CRITICAL
SPX	SPX.2018-06-26.sqlite	390	390	0	0	0	0.0000	CRITICAL
SPX	SPX.2018-06-22.sqlite	390	390	0	0	0	0.0000	CRITICAL
SPX	SPX.2018-06-19.sqlite	390	390	0	0	0	0.0000	CRITICAL
SPX	SPX.2018-06-14.sqlite	390	390	0	0	0	0.0000	CRITICAL
SPX	SPX.2018-06-11.sqlite	390	390	0	0	0	0.0000	CRITICAL
SPX	SPX.2018-06-04.sqlite	390	390	0	0	0	0.0000	CRITICAL
SPX	SPX.2018-06-01.sqlite	390	390	0	0	0	0.0000	CRITICAL
SPX	SPX.2018-05-25.sqlite	390	390	0	0	0	0.0000	CRITICAL
SPX	SPX.2018-05-22.sqlite	390	390	0	0	0	0.0000	CRITICAL
SPX	SPX.2018-05-16.sqlite	390	390	0	0	0	0.0000	CRITICAL
SPX	SPX.2018-05-09.sqlite	390	390	0	0	0	0.0000	CRITICAL
SPX	SPX.2018-05-03.sqlite	390	390	0	0	0	0.0000	CRITICAL
SPX	SPX.2018-04-30.sqlite	390	390	0	0	0	0.0000	CRITICAL
SPX	SPX.2018-04-19.sqlite	390	390	0	0	0	0.0000	CRITICAL
SPX	SPX.2018-04-17.sqlite	390	390	0	0	0	0.0000	CRITICAL
SPX	SPX.2018-04-11.sqlite	390	390	0	0	0	0.0000	CRITICAL
SPX	SPX.2018-04-05.sqlite	390	390	0	0	0	0.0000	CRITICAL
SPX	SPX.2018-03-29.sqlite	390	390	0	0	0	0.0000	CRITICAL
SPX	SPX.2018-03-23.sqlite	390	390	0	0	0	0.0000	CRITICAL
SPX	SPX.2018-03-16.sqlite	390	390	0	0	0	0.0000	CRITICAL
SPX	SPX.2018-03-12.sqlite	390	390	0	0	0	0.0000	CRITICAL
SPX	SPX.2018-03-05.sqlite	390	390	0	0	0	0.0000	CRITICAL
SPX	SPX.2018-02-28.sqlite	390	390	0	0	0	0.0000	CRITICAL
SPX	SPX.2018-02-22.sqlite	390	390	0	0	0	0.0000	CRITICAL
SPX	SPX.2018-02-20.sqlite	390	390	0	0	0	0.0000	CRITICAL
SPX	SPX.2018-02-12.sqlite	390	390	0	0	0	0.0000	CRITICAL
SPX	SPX.2018-02-08.sqlite	390	390	0	0	0	0.0000	CRITICAL
SPX	SPX.2018-01-31.sqlite	390	390	0	0	0	0.0000	CRITICAL
SPX	SPX.2018-01-26.sqlite	390	390	0	0	0	0.0000	CRITICAL
SPX	SPX.2018-01-24.sqlite	390	390	0	0	0	0.0000	CRITICAL
SPY	SPY.2025-04-01.sqlite	781	781	31280	391	390	0.4994	CRITICAL
SPY	SPY.2025-03-04.sqlite	390	390	0	0	0	0.0000	CRITICAL
SPY	SPY.2025-08-15.sqlite	781	781	156400	391	390	0.4994	CRITICAL
SPY	SPY.2025-03-28.sqlite	390	390	0	0	0	0.0000	CRITICAL
SPY	SPY.2025-01-15.sqlite	390	390	0	0	0	0.0000	CRITICAL
SPY	SPY.2025-08-05.sqlite	781	781	156400	391	390	0.4994	CRITICAL
SPY	SPY.2025-03-13.sqlite	390	390	0	0	0	0.0000	CRITICAL
SPY	SPY.2025-08-06.sqlite	781	781	156400	391	390	0.4994	CRITICAL
SPY	SPY.2025-03-30.sqlite	0	0	0	0	0	0.0000	CRITICAL
SPY	SPY.2025-03-26.sqlite	390	390	0	0	0	0.0000	CRITICAL
SPY	SPY.2025-08-26.sqlite	781	781	156400	391	390	0.4994	CRITICAL
SPY	SPY.2025-08-23.sqlite	0	0	0	0	0	0.0000	CRITICAL
SPY	SPY.2025-08-12.sqlite	781	781	134504	391	390	0.4994	CRITICAL
SPY	SPY.2025-08-21.sqlite	781	781	135286	391	390	0.4994	CRITICAL
SPY	SPY.2025-08-16.sqlite	0	0	0	0	0	0.0000	CRITICAL
SPY	SPY.2025-08-02.sqlite	0	0	0	0	0	0.0000	CRITICAL
SPY	SPY.2025-03-29.sqlite	0	0	0	0	0	0.0000	CRITICAL
SPY	SPY.2025-03-20.sqlite	390	390	0	0	0	0.0000	CRITICAL
SPY	SPY.2025-03-19.sqlite	390	390	0	0	0	0.0000	CRITICAL
SPY	SPY.2025-03-18.sqlite	390	390	0	0	0	0.0000	CRITICAL
SPY	SPY.2025-08-04.sqlite	781	781	156400	391	390	0.4994	CRITICAL
SPY	SPY.2025-03-10.sqlite	390	390	0	0	0	0.0000	CRITICAL
SPY	SPY.2025-03-07.sqlite	390	390	0	0	0	0.0000	CRITICAL
SPY	SPY.2025-02-26.sqlite	390	390	0	0	0	0.0000	CRITICAL
SPY	SPY.2025-02-19.sqlite	390	390	0	0	0	0.0000	CRITICAL
SPY	SPY.2025-01-23.sqlite	390	390	0	0	0	0.0000	CRITICAL
SPY	SPY.2025-01-22.sqlite	390	390	0	0	0	0.0000	CRITICAL
SPY	SPY.2025-01-21.sqlite	390	390	0	0	0	0.0000	CRITICAL
SPY	SPY.2024-12-10.sqlite	390	390	0	0	0	0.0000	CRITICAL
SPY	SPY.2024-12-02.sqlite	390	390	0	0	0	0.0000	CRITICAL
SPY	SPY.2024-11-21.sqlite	390	390	0	0	0	0.0000	CRITICAL
SPY	SPY.2024-11-12.sqlite	390	390	0	0	0	0.0000	CRITICAL
SPY	SPY.2024-10-29.sqlite	390	390	0	0	0	0.0000	CRITICAL
SPY	SPY.2024-10-17.sqlite	390	390	0	0	0	0.0000	CRITICAL
SPY	SPY.2024-10-07.sqlite	390	390	0	0	0	0.0000	CRITICAL
SPY	SPY.2024-09-20.sqlite	390	390	0	0	0	0.0000	CRITICAL
SPY	SPY.2024-09-05.sqlite	390	390	0	0	0	0.0000	CRITICAL
SPY	SPY.2024-08-27.sqlite	390	390	0	0	0	0.0000	CRITICAL
SPY	SPY.2024-08-16.sqlite	390	390	0	0	0	0.0000	CRITICAL
SPY	SPY.2024-08-07.sqlite	390	390	0	0	0	0.0000	CRITICAL
SPY	SPY.2024-08-02.sqlite	390	390	0	0	0	0.0000	CRITICAL
SPY	SPY.2024-07-24.sqlite	390	390	0	0	0	0.0000	CRITICAL
SPY	SPY.2024-07-19.sqlite	390	390	0	0	0	0.0000	CRITICAL
SPY	SPY.2024-07-11.sqlite	390	390	0	0	0	0.0000	CRITICAL
SPY	SPY.2024-07-02.sqlite	390	390	0	0	0	0.0000	CRITICAL
SPY	SPY.2024-06-25.sqlite	390	390	0	0	0	0.0000	CRITICAL
SPY	SPY.2024-06-18.sqlite	390	390	0	0	0	0.0000	CRITICAL
SPY	SPY.2024-06-07.sqlite	390	390	0	0	0	0.0000	CRITICAL
SPY	SPY.2024-05-30.sqlite	390	390	0	0	0	0.0000	CRITICAL
SPY	SPY.2024-05-24.sqlite	390	390	0	0	0	0.0000	CRITICAL
SPY	SPY.2024-05-16.sqlite	390	390	0	0	0	0.0000	CRITICAL
SPY	SPY.2024-05-08.sqlite	390	390	0	0	0	0.0000	CRITICAL
SPY	SPY.2024-04-25.sqlite	390	390	0	0	0	0.0000	CRITICAL
SPY	SPY.2024-04-16.sqlite	390	390	0	0	0	0.0000	CRITICAL
SPY	SPY.2024-04-05.sqlite	390	390	0	0	0	0.0000	CRITICAL
SPY	SPY.2024-04-01.sqlite	390	390	0	0	0	0.0000	CRITICAL
SPY	SPY.2024-03-26.sqlite	390	390	0	0	0	0.0000	CRITICAL
SPY	SPY.2024-03-14.sqlite	390	390	0	0	0	0.0000	CRITICAL
SPY	SPY.2024-03-08.sqlite	390	390	0	0	0	0.0000	CRITICAL
SPY	SPY.2024-02-29.sqlite	390	390	0	0	0	0.0000	CRITICAL
SPY	SPY.2024-02-23.sqlite	390	390	0	0	0	0.0000	CRITICAL
SPY	SPY.2024-02-14.sqlite	390	390	0	0	0	0.0000	CRITICAL
SPY	SPY.2024-02-02.sqlite	390	390	0	0	0	0.0000	CRITICAL
SPY	SPY.2024-01-29.sqlite	390	390	0	0	0	0.0000	CRITICAL
SPY	SPY.2024-01-18.sqlite	390	390	0	0	0	0.0000	CRITICAL
SPY	SPY.2024-01-04.sqlite	390	390	0	0	0	0.0000	CRITICAL
SPY	SPY.2023-12-28.sqlite	390	390	0	0	0	0.0000	CRITICAL
SPY	SPY.2023-12-22.sqlite	390	390	0	0	0	0.0000	CRITICAL
SPY	SPY.2023-12-13.sqlite	390	390	0	0	0	0.0000	CRITICAL
SPY	SPY.2023-12-07.sqlite	390	390	0	0	0	0.0000	CRITICAL
SPY	SPY.2023-12-04.sqlite	390	390	0	0	0	0.0000	CRITICAL
SPY	SPY.2023-11-28.sqlite	390	390	0	0	0	0.0000	CRITICAL
SPY	SPY.2023-11-16.sqlite	390	390	0	0	0	0.0000	CRITICAL
SPY	SPY.2023-11-03.sqlite	390	390	0	0	0	0.0000	CRITICAL
SPY	SPY.2023-10-27.sqlite	390	390	0	0	0	0.0000	CRITICAL
SPY	SPY.2025-08-25.sqlite	781	781	156400	391	390	0.4994	CRITICAL
SPY	SPY.2025-08-24.sqlite	0	0	0	0	0	0.0000	CRITICAL
SPY	SPY.2025-08-08.sqlite	781	781	139196	391	390	0.4994	CRITICAL
SPY	SPY.2025-02-21.sqlite	390	390	0	0	0	0.0000	CRITICAL
SPY	SPY.2024-11-25.sqlite	390	390	0	0	0	0.0000	CRITICAL
SPY	SPY.2024-11-18.sqlite	390	390	0	0	0	0.0000	CRITICAL
SPY	SPY.2024-10-31.sqlite	390	390	0	0	0	0.0000	CRITICAL
SPY	SPY.2024-10-22.sqlite	390	390	0	0	0	0.0000	CRITICAL
SPY	SPY.2024-10-09.sqlite	390	390	0	0	0	0.0000	CRITICAL
SPY	SPY.2024-09-25.sqlite	390	390	0	0	0	0.0000	CRITICAL
SPY	SPY.2024-09-13.sqlite	390	390	0	0	0	0.0000	CRITICAL
SPY	SPY.2024-08-19.sqlite	390	390	0	0	0	0.0000	CRITICAL
SPY	SPY.2024-07-30.sqlite	390	390	0	0	0	0.0000	CRITICAL
SPY	SPY.2024-07-16.sqlite	390	390	0	0	0	0.0000	CRITICAL
SPY	SPY.2024-07-01.sqlite	390	390	0	0	0	0.0000	CRITICAL
SPY	SPY.2024-06-11.sqlite	390	390	0	0	0	0.0000	CRITICAL
SPY	SPY.2024-05-31.sqlite	390	390	0	0	0	0.0000	CRITICAL
SPY	SPY.2024-05-28.sqlite	390	390	0	0	0	0.0000	CRITICAL
SPY	SPY.2025-03-31.sqlite	781	781	31280	391	390	0.4994	CRITICAL
SPY	SPY.2025-02-24.sqlite	390	390	0	0	0	0.0000	CRITICAL
SPY	SPY.2025-08-10.sqlite	0	0	0	0	0	0.0000	CRITICAL
SPY	SPY.2025-03-11.sqlite	390	390	0	0	0	0.0000	CRITICAL
SPY	SPY.2025-02-27.sqlite	390	390	0	0	0	0.0000	CRITICAL
SPY	SPY.2025-01-17.sqlite	390	390	0	0	0	0.0000	CRITICAL
SPY	SPY.2024-12-11.sqlite	390	390	0	0	0	0.0000	CRITICAL
SPY	SPY.2024-12-03.sqlite	390	390	0	0	0	0.0000	CRITICAL
SPY	SPY.2024-11-14.sqlite	390	390	0	0	0	0.0000	CRITICAL
SPY	SPY.2024-11-05.sqlite	390	390	0	0	0	0.0000	CRITICAL
SPY	SPY.2024-10-28.sqlite	390	390	0	0	0	0.0000	CRITICAL
SPY	SPY.2024-10-18.sqlite	390	390	0	0	0	0.0000	CRITICAL
SPY	SPY.2024-10-04.sqlite	390	390	0	0	0	0.0000	CRITICAL
SPY	SPY.2024-10-02.sqlite	390	390	0	0	0	0.0000	CRITICAL
SPY	SPY.2024-09-24.sqlite	390	390	0	0	0	0.0000	CRITICAL
SPY	SPY.2024-09-17.sqlite	390	390	0	0	0	0.0000	CRITICAL
SPY	SPY.2024-09-11.sqlite	390	390	0	0	0	0.0000	CRITICAL
SPY	SPY.2024-08-30.sqlite	390	390	0	0	0	0.0000	CRITICAL
SPY	SPY.2024-08-26.sqlite	390	390	0	0	0	0.0000	CRITICAL
SPY	SPY.2024-08-12.sqlite	390	390	0	0	0	0.0000	CRITICAL
SPY	SPY.2024-08-05.sqlite	390	390	0	0	0	0.0000	CRITICAL
SPY	SPY.2024-07-25.sqlite	390	390	0	0	0	0.0000	CRITICAL
SPY	SPY.2024-07-17.sqlite	390	390	0	0	0	0.0000	CRITICAL
SPY	SPY.2024-07-08.sqlite	390	390	0	0	0	0.0000	CRITICAL
SPY	SPY.2024-06-24.sqlite	390	390	0	0	0	0.0000	CRITICAL
SPY	SPY.2024-06-12.sqlite	390	390	0	0	0	0.0000	CRITICAL
SPY	SPY.2024-06-04.sqlite	390	390	0	0	0	0.0000	CRITICAL
SPY	SPY.2024-05-23.sqlite	390	390	0	0	0	0.0000	CRITICAL
SPY	SPY.2024-05-15.sqlite	390	390	0	0	0	0.0000	CRITICAL
SPY	SPY.2024-05-09.sqlite	390	390	0	0	0	0.0000	CRITICAL
SPY	SPY.2024-05-06.sqlite	390	390	0	0	0	0.0000	CRITICAL
SPY	SPY.2024-04-29.sqlite	390	390	0	0	0	0.0000	CRITICAL
SPY	SPY.2024-04-15.sqlite	390	390	0	0	0	0.0000	CRITICAL
SPY	SPY.2024-04-10.sqlite	390	390	0	0	0	0.0000	CRITICAL
SPY	SPY.2024-04-03.sqlite	390	390	0	0	0	0.0000	CRITICAL
SPY	SPY.2024-03-28.sqlite	390	390	0	0	0	0.0000	CRITICAL
SPY	SPY.2024-03-19.sqlite	390	390	0	0	0	0.0000	CRITICAL
SPY	SPY.2024-03-15.sqlite	390	390	0	0	0	0.0000	CRITICAL
SPY	SPY.2024-03-07.sqlite	390	390	0	0	0	0.0000	CRITICAL
SPY	SPY.2024-03-01.sqlite	390	390	0	0	0	0.0000	CRITICAL
SPY	SPY.2024-02-22.sqlite	390	390	0	0	0	0.0000	CRITICAL
SPY	SPY.2024-02-20.sqlite	390	390	0	0	0	0.0000	CRITICAL
SPY	SPY.2024-02-13.sqlite	390	390	0	0	0	0.0000	CRITICAL
SPY	SPY.2024-02-05.sqlite	390	390	0	0	0	0.0000	CRITICAL
SPY	SPY.2024-01-31.sqlite	390	390	0	0	0	0.0000	CRITICAL
SPY	SPY.2024-01-23.sqlite	390	390	0	0	0	0.0000	CRITICAL
SPY	SPY.2024-01-19.sqlite	390	390	0	0	0	0.0000	CRITICAL
SPY	SPY.2024-01-11.sqlite	390	390	0	0	0	0.0000	CRITICAL
SPY	SPY.2024-01-02.sqlite	390	390	0	0	0	0.0000	CRITICAL
SPY	SPY.2023-12-29.sqlite	390	390	0	0	0	0.0000	CRITICAL
SPY	SPY.2023-12-20.sqlite	390	390	0	0	0	0.0000	CRITICAL
SPY	SPY.2023-12-14.sqlite	390	390	0	0	0	0.0000	CRITICAL
SPY	SPY.2023-12-11.sqlite	390	390	0	0	0	0.0000	CRITICAL
SPY	SPY.2023-11-29.sqlite	390	390	0	0	0	0.0000	CRITICAL
SPY	SPY.2023-11-22.sqlite	390	390	0	0	0	0.0000	CRITICAL
SPY	SPY.2023-11-14.sqlite	390	390	0	0	0	0.0000	CRITICAL
SPY	SPY.2023-11-07.sqlite	390	390	0	0	0	0.0000	CRITICAL
SPY	SPY.2023-10-31.sqlite	390	390	0	0	0	0.0000	CRITICAL
SPY	SPY.2023-10-24.sqlite	390	390	0	0	0	0.0000	CRITICAL
SPY	SPY.2023-10-18.sqlite	390	390	0	0	0	0.0000	CRITICAL
SPY	SPY.2023-10-16.sqlite	390	390	0	0	0	0.0000	CRITICAL
SPY	SPY.2023-10-12.sqlite	390	390	0	0	0	0.0000	CRITICAL
SPY	SPY.2023-10-06.sqlite	390	390	0	0	0	0.0000	CRITICAL
SPY	SPY.2023-10-03.sqlite	390	390	0	0	0	0.0000	CRITICAL
SPY	SPY.2023-09-25.sqlite	390	390	0	0	0	0.0000	CRITICAL
SPY	SPY.2023-09-21.sqlite	390	390	0	0	0	0.0000	CRITICAL
SPY	SPY.2023-09-19.sqlite	390	390	0	0	0	0.0000	CRITICAL
SPY	SPY.2025-08-27.sqlite	781	781	156400	391	390	0.4994	CRITICAL
SPY	SPY.2025-08-11.sqlite	781	781	139196	391	390	0.4994	CRITICAL
SPY	SPY.2025-02-13.sqlite	390	390	0	0	0	0.0000	CRITICAL
SPY	SPY.2024-12-09.sqlite	390	390	0	0	0	0.0000	CRITICAL
SPY	SPY.2024-12-06.sqlite	390	390	0	0	0	0.0000	CRITICAL
SPY	SPY.2024-11-26.sqlite	390	390	0	0	0	0.0000	CRITICAL
SPY	SPY.2024-11-19.sqlite	390	390	0	0	0	0.0000	CRITICAL
SPY	SPY.2024-11-11.sqlite	390	390	0	0	0	0.0000	CRITICAL
SPY	SPY.2024-11-01.sqlite	390	390	0	0	0	0.0000	CRITICAL
SPY	SPY.2024-10-24.sqlite	390	390	0	0	0	0.0000	CRITICAL
SPY	SPY.2024-10-21.sqlite	390	390	0	0	0	0.0000	CRITICAL
SPY	SPY.2024-10-11.sqlite	390	390	0	0	0	0.0000	CRITICAL
SPY	SPY.2024-09-30.sqlite	390	390	0	0	0	0.0000	CRITICAL
SPY	SPY.2024-09-19.sqlite	390	390	0	0	0	0.0000	CRITICAL
SPY	SPY.2024-09-10.sqlite	390	390	0	0	0	0.0000	CRITICAL
SPY	SPY.2024-09-04.sqlite	390	390	0	0	0	0.0000	CRITICAL
SPY	SPY.2024-08-28.sqlite	390	390	0	0	0	0.0000	CRITICAL
SPY	SPY.2024-08-22.sqlite	390	390	0	0	0	0.0000	CRITICAL
SPY	SPY.2024-08-08.sqlite	390	390	0	0	0	0.0000	CRITICAL
SPY	SPY.2024-07-26.sqlite	390	390	0	0	0	0.0000	CRITICAL
SPY	SPY.2024-07-23.sqlite	390	390	0	0	0	0.0000	CRITICAL
SPY	SPY.2024-07-09.sqlite	390	390	0	0	0	0.0000	CRITICAL
SPY	SPY.2024-06-27.sqlite	390	390	0	0	0	0.0000	CRITICAL
SPY	SPY.2024-06-20.sqlite	390	390	0	0	0	0.0000	CRITICAL
SPY	SPY.2024-06-06.sqlite	390	390	0	0	0	0.0000	CRITICAL
SPY	SPY.2024-05-17.sqlite	390	390	0	0	0	0.0000	CRITICAL
SPY	SPY.2024-05-10.sqlite	390	390	0	0	0	0.0000	CRITICAL
SPY	SPY.2024-05-03.sqlite	390	390	0	0	0	0.0000	CRITICAL
SPY	SPY.2024-04-23.sqlite	390	390	0	0	0	0.0000	CRITICAL
SPY	SPY.2024-04-17.sqlite	390	390	0	0	0	0.0000	CRITICAL
SPY	SPY.2024-04-08.sqlite	390	390	0	0	0	0.0000	CRITICAL
SPY	SPY.2024-03-22.sqlite	390	390	0	0	0	0.0000	CRITICAL
SPY	SPY.2024-03-12.sqlite	390	390	0	0	0	0.0000	CRITICAL
SPY	SPY.2024-03-05.sqlite	390	390	0	0	0	0.0000	CRITICAL
SPY	SPY.2024-02-27.sqlite	390	390	0	0	0	0.0000	CRITICAL
SPY	SPY.2024-02-15.sqlite	390	390	0	0	0	0.0000	CRITICAL
SPY	SPY.2024-02-08.sqlite	390	390	0	0	0	0.0000	CRITICAL
SPY	SPY.2024-02-01.sqlite	390	390	0	0	0	0.0000	CRITICAL
SPY	SPY.2024-01-25.sqlite	390	390	0	0	0	0.0000	CRITICAL
SPY	SPY.2024-01-12.sqlite	390	390	0	0	0	0.0000	CRITICAL
SPY	SPY.2024-01-09.sqlite	390	390	0	0	0	0.0000	CRITICAL
SPY	SPY.2024-01-08.sqlite	390	390	0	0	0	0.0000	CRITICAL
SPY	SPY.2023-12-27.sqlite	390	390	0	0	0	0.0000	CRITICAL
SPY	SPY.2023-12-15.sqlite	390	390	0	0	0	0.0000	CRITICAL
SPY	SPY.2023-12-08.sqlite	390	390	0	0	0	0.0000	CRITICAL
SPY	SPY.2023-12-06.sqlite	390	390	0	0	0	0.0000	CRITICAL
SPY	SPY.2023-11-24.sqlite	390	390	0	0	0	0.0000	CRITICAL
SPY	SPY.2023-11-15.sqlite	390	390	0	0	0	0.0000	CRITICAL
SPY	SPY.2023-11-08.sqlite	390	390	0	0	0	0.0000	CRITICAL
SPY	SPY.2023-11-06.sqlite	390	390	0	0	0	0.0000	CRITICAL
SPY	SPY.2023-10-30.sqlite	390	390	0	0	0	0.0000	CRITICAL
SPY	SPY.2023-10-23.sqlite	390	390	0	0	0	0.0000	CRITICAL
SPY	SPY.2023-10-17.sqlite	390	390	0	0	0	0.0000	CRITICAL
SPY	SPY.2023-10-09.sqlite	390	390	0	0	0	0.0000	CRITICAL
SPY	SPY.2025-08-14.sqlite	781	781	156400	391	390	0.4994	CRITICAL
SPY	SPY.2025-08-20.sqlite	781	781	145452	391	390	0.4994	CRITICAL
SPY	SPY.2025-08-09.sqlite	0	0	0	0	0	0.0000	CRITICAL
SPY	SPY.2025-08-03.sqlite	0	0	0	0	0	0.0000	CRITICAL
SPY	SPY.2025-03-21.sqlite	390	390	0	0	0	0.0000	CRITICAL
SPY	SPY.2025-03-06.sqlite	390	390	0	0	0	0.0000	CRITICAL
SPY	SPY.2024-12-12.sqlite	390	390	0	0	0	0.0000	CRITICAL
SPY	SPY.2024-11-29.sqlite	390	390	0	0	0	0.0000	CRITICAL
SPY	SPY.2024-11-13.sqlite	390	390	0	0	0	0.0000	CRITICAL
SPY	SPY.2024-11-04.sqlite	390	390	0	0	0	0.0000	CRITICAL
SPY	SPY.2024-10-25.sqlite	390	390	0	0	0	0.0000	CRITICAL
SPY	SPY.2024-10-10.sqlite	390	390	0	0	0	0.0000	CRITICAL
SPY	SPY.2024-09-27.sqlite	390	390	0	0	0	0.0000	CRITICAL
SPY	SPY.2024-09-18.sqlite	390	390	0	0	0	0.0000	CRITICAL
SPY	SPY.2024-09-12.sqlite	390	390	0	0	0	0.0000	CRITICAL
SPY	SPY.2024-08-20.sqlite	390	390	0	0	0	0.0000	CRITICAL
SPY	SPY.2024-08-14.sqlite	390	390	0	0	0	0.0000	CRITICAL
SPY	SPY.2024-08-09.sqlite	390	390	0	0	0	0.0000	CRITICAL
SPY	SPY.2024-07-29.sqlite	390	390	0	0	0	0.0000	CRITICAL
SPY	SPY.2024-07-15.sqlite	390	390	0	0	0	0.0000	CRITICAL
SPY	SPY.2024-06-26.sqlite	390	390	0	0	0	0.0000	CRITICAL
SPY	SPY.2024-06-13.sqlite	390	390	0	0	0	0.0000	CRITICAL
SPY	SPY.2024-06-05.sqlite	390	390	0	0	0	0.0000	CRITICAL
SPY	SPY.2024-05-20.sqlite	390	390	0	0	0	0.0000	CRITICAL
SPY	SPY.2024-05-01.sqlite	390	390	0	0	0	0.0000	CRITICAL
SPY	SPY.2024-04-24.sqlite	390	390	0	0	0	0.0000	CRITICAL
SPY	SPY.2024-04-12.sqlite	390	390	0	0	0	0.0000	CRITICAL
SPY	SPY.2024-03-21.sqlite	390	390	0	0	0	0.0000	CRITICAL
SPY	SPY.2024-03-04.sqlite	390	390	0	0	0	0.0000	CRITICAL
SPY	SPY.2024-02-21.sqlite	390	390	0	0	0	0.0000	CRITICAL
SPY	SPY.2024-02-12.sqlite	390	390	0	0	0	0.0000	CRITICAL
SPY	SPY.2024-01-26.sqlite	390	390	0	0	0	0.0000	CRITICAL
SPY	SPY.2024-01-17.sqlite	390	390	0	0	0	0.0000	CRITICAL
SPY	SPY.2024-01-03.sqlite	390	390	0	0	0	0.0000	CRITICAL
SPY	SPY.2023-12-19.sqlite	390	390	0	0	0	0.0000	CRITICAL
SPY	SPY.2023-12-01.sqlite	390	390	0	0	0	0.0000	CRITICAL
SPY	SPY.2023-11-20.sqlite	390	390	0	0	0	0.0000	CRITICAL
SPY	SPY.2023-11-10.sqlite	390	390	0	0	0	0.0000	CRITICAL
SPY	SPY.2023-11-02.sqlite	390	390	0	0	0	0.0000	CRITICAL
SPY	SPY.2023-10-26.sqlite	390	390	0	0	0	0.0000	CRITICAL
SPY	SPY.2023-10-19.sqlite	390	390	0	0	0	0.0000	CRITICAL
SPY	SPY.2023-10-10.sqlite	390	390	0	0	0	0.0000	CRITICAL
SPY	SPY.2023-09-29.sqlite	390	390	0	0	0	0.0000	CRITICAL
SPY	SPY.2023-09-27.sqlite	390	390	0	0	0	0.0000	CRITICAL
SPY	SPY.2023-09-20.sqlite	390	390	0	0	0	0.0000	CRITICAL
SPY	SPY.2023-09-07.sqlite	390	390	0	0	0	0.0000	CRITICAL
SPY	SPY.2023-08-30.sqlite	390	390	0	0	0	0.0000	CRITICAL
SPY	SPY.2023-08-25.sqlite	390	390	0	0	0	0.0000	CRITICAL
SPY	SPY.2023-08-24.sqlite	390	390	0	0	0	0.0000	CRITICAL
SPY	SPY.2023-08-21.sqlite	390	390	0	0	0	0.0000	CRITICAL
SPY	SPY.2023-08-11.sqlite	390	390	0	0	0	0.0000	CRITICAL
SPY	SPY.2023-08-07.sqlite	390	390	0	0	0	0.0000	CRITICAL
SPY	SPY.2023-08-04.sqlite	390	390	0	0	0	0.0000	CRITICAL
SPY	SPY.2023-07-28.sqlite	390	390	0	0	0	0.0000	CRITICAL
SPY	SPY.2023-07-26.sqlite	390	390	0	0	0	0.0000	CRITICAL
SPY	SPY.2023-07-25.sqlite	390	390	0	0	0	0.0000	CRITICAL
SPY	SPY.2023-07-24.sqlite	390	390	0	0	0	0.0000	CRITICAL
SPY	SPY.2023-07-21.sqlite	390	390	0	0	0	0.0000	CRITICAL
SPY	SPY.2023-07-19.sqlite	390	390	0	0	0	0.0000	CRITICAL
SPY	SPY.2023-07-18.sqlite	390	390	0	0	0	0.0000	CRITICAL
SPY	SPY.2023-07-10.sqlite	390	390	0	0	0	0.0000	CRITICAL
SPY	SPY.2023-07-06.sqlite	390	390	0	0	0	0.0000	CRITICAL
SPY	SPY.2023-07-05.sqlite	390	390	0	0	0	0.0000	CRITICAL
SPY	SPY.2023-06-28.sqlite	390	390	0	0	0	0.0000	CRITICAL
SPY	SPY.2023-06-27.sqlite	390	390	0	0	0	0.0000	CRITICAL
SPY	SPY.2023-06-26.sqlite	390	390	0	0	0	0.0000	CRITICAL
SPY	SPY.2023-06-15.sqlite	390	390	0	0	0	0.0000	CRITICAL
SPY	SPY.2023-06-13.sqlite	390	390	0	0	0	0.0000	CRITICAL
SPY	SPY.2023-06-09.sqlite	390	390	0	0	0	0.0000	CRITICAL
SPY	SPY.2023-06-08.sqlite	390	390	0	0	0	0.0000	CRITICAL
SPY	SPY.2023-06-06.sqlite	390	390	0	0	0	0.0000	CRITICAL
SPY	SPY.2023-06-01.sqlite	390	390	0	0	0	0.0000	CRITICAL
SPY	SPY.2025-08-07.sqlite	781	781	147798	391	390	0.4994	CRITICAL
SPY	SPY.2025-03-17.sqlite	390	390	0	0	0	0.0000	CRITICAL
SPY	SPY.2025-03-14.sqlite	390	390	0	0	0	0.0000	CRITICAL
SPY	SPY.2025-08-22.sqlite	781	781	156400	391	390	0.4994	CRITICAL
SPY	SPY.2025-08-17.sqlite	0	0	0	0	0	0.0000	CRITICAL
SPY	SPY.2025-04-02.sqlite	390	390	26197	391	390	1.0000	EXCELLENT
SPY	SPY.2025-08-19.sqlite	781	781	151708	391	390	0.4994	CRITICAL
SPY	SPY.2025-03-27.sqlite	390	390	0	0	0	0.0000	CRITICAL
SPY	SPY.2024-12-04.sqlite	390	390	0	0	0	0.0000	CRITICAL
SPY	SPY.2024-11-20.sqlite	390	390	0	0	0	0.0000	CRITICAL
SPY	SPY.2024-11-06.sqlite	390	390	0	0	0	0.0000	CRITICAL
SPY	SPY.2024-10-16.sqlite	390	390	0	0	0	0.0000	CRITICAL
SPY	SPY.2024-10-03.sqlite	390	390	0	0	0	0.0000	CRITICAL
SPY	SPY.2024-09-23.sqlite	390	390	0	0	0	0.0000	CRITICAL
SPY	SPY.2024-08-29.sqlite	390	390	0	0	0	0.0000	CRITICAL
SPY	SPY.2024-08-15.sqlite	390	390	0	0	0	0.0000	CRITICAL
SPY	SPY.2024-07-31.sqlite	390	390	0	0	0	0.0000	CRITICAL
SPY	SPY.2024-07-22.sqlite	390	390	0	0	0	0.0000	CRITICAL
SPY	SPY.2024-07-05.sqlite	390	390	0	0	0	0.0000	CRITICAL
SPY	SPY.2024-06-17.sqlite	390	390	0	0	0	0.0000	CRITICAL
SPY	SPY.2024-06-03.sqlite	390	390	0	0	0	0.0000	CRITICAL
SPY	SPY.2024-05-21.sqlite	390	390	0	0	0	0.0000	CRITICAL
SPY	SPY.2024-05-07.sqlite	390	390	0	0	0	0.0000	CRITICAL
SPY	SPY.2024-04-19.sqlite	390	390	0	0	0	0.0000	CRITICAL
SPY	SPY.2024-04-09.sqlite	390	390	0	0	0	0.0000	CRITICAL
SPY	SPY.2024-03-25.sqlite	390	390	0	0	0	0.0000	CRITICAL
SPY	SPY.2024-03-13.sqlite	390	390	0	0	0	0.0000	CRITICAL
SPY	SPY.2024-02-28.sqlite	390	390	0	0	0	0.0000	CRITICAL
SPY	SPY.2024-02-09.sqlite	390	390	0	0	0	0.0000	CRITICAL
SPY	SPY.2024-02-07.sqlite	390	390	0	0	0	0.0000	CRITICAL
SPY	SPY.2024-01-24.sqlite	390	390	0	0	0	0.0000	CRITICAL
SPY	SPY.2024-01-16.sqlite	390	390	0	0	0	0.0000	CRITICAL
SPY	SPY.2024-01-05.sqlite	390	390	0	0	0	0.0000	CRITICAL
SPY	SPY.2023-12-26.sqlite	390	390	0	0	0	0.0000	CRITICAL
SPY	SPY.2023-12-18.sqlite	390	390	0	0	0	0.0000	CRITICAL
SPY	SPY.2023-12-05.sqlite	390	390	0	0	0	0.0000	CRITICAL
SPY	SPY.2023-11-27.sqlite	390	390	0	0	0	0.0000	CRITICAL
SPY	SPY.2023-11-21.sqlite	390	390	0	0	0	0.0000	CRITICAL
SPY	SPY.2023-11-09.sqlite	390	390	0	0	0	0.0000	CRITICAL
SPY	SPY.2023-10-25.sqlite	390	390	0	0	0	0.0000	CRITICAL
SPY	SPY.2023-10-11.sqlite	390	390	0	0	0	0.0000	CRITICAL
SPY	SPY.2023-10-02.sqlite	390	390	0	0	0	0.0000	CRITICAL
SPY	SPY.2023-09-22.sqlite	390	390	0	0	0	0.0000	CRITICAL
SPY	SPY.2023-09-15.sqlite	390	390	0	0	0	0.0000	CRITICAL
SPY	SPY.2023-09-13.sqlite	390	390	0	0	0	0.0000	CRITICAL
SPY	SPY.2023-09-12.sqlite	390	390	0	0	0	0.0000	CRITICAL
SPY	SPY.2023-09-06.sqlite	390	390	0	0	0	0.0000	CRITICAL
SPY	SPY.2023-09-01.sqlite	390	390	0	0	0	0.0000	CRITICAL
SPY	SPY.2023-08-29.sqlite	390	390	0	0	0	0.0000	CRITICAL
SPY	SPY.2023-08-22.sqlite	390	390	0	0	0	0.0000	CRITICAL
SPY	SPY.2023-08-17.sqlite	390	390	0	0	0	0.0000	CRITICAL
SPY	SPY.2023-08-14.sqlite	390	390	0	0	0	0.0000	CRITICAL
SPY	SPY.2023-08-10.sqlite	390	390	0	0	0	0.0000	CRITICAL
SPY	SPY.2023-08-01.sqlite	390	390	0	0	0	0.0000	CRITICAL
SPY	SPY.2023-07-27.sqlite	390	390	0	0	0	0.0000	CRITICAL
SPY	SPY.2023-07-17.sqlite	390	390	0	0	0	0.0000	CRITICAL
SPY	SPY.2023-07-14.sqlite	390	390	0	0	0	0.0000	CRITICAL
SPY	SPY.2023-07-12.sqlite	390	390	0	0	0	0.0000	CRITICAL
SPY	SPY.2023-07-07.sqlite	390	390	0	0	0	0.0000	CRITICAL
SPY	SPY.2023-06-30.sqlite	390	390	0	0	0	0.0000	CRITICAL
SPY	SPY.2025-02-28.sqlite	390	390	0	0	0	0.0000	CRITICAL
SPY	SPY.2025-02-25.sqlite	390	390	0	0	0	0.0000	CRITICAL
SPY	SPY.2025-08-28.sqlite	781	781	156400	391	390	0.4994	CRITICAL
SPY	SPY.2025-08-13.sqlite	781	781	147016	391	390	0.4994	CRITICAL
SPY	SPY.2025-03-12.sqlite	390	390	0	0	0	0.0000	CRITICAL
SPY	SPY.2025-03-05.sqlite	390	390	0	0	0	0.0000	CRITICAL
SPY	SPY.2025-08-18.sqlite	781	781	156400	391	390	0.4994	CRITICAL
SPY	SPY.2025-08-01.sqlite	781	781	156400	391	390	0.4994	CRITICAL
SPY	SPY.2025-03-25.sqlite	390	390	0	0	0	0.0000	CRITICAL
SPY	SPY.2025-03-24.sqlite	390	390	0	0	0	0.0000	CRITICAL
SPY	SPY.2025-03-03.sqlite	390	390	0	0	0	0.0000	CRITICAL
SPY	SPY.2024-12-05.sqlite	390	390	0	0	0	0.0000	CRITICAL
SPY	SPY.2024-11-22.sqlite	390	390	0	0	0	0.0000	CRITICAL
SPY	SPY.2024-11-08.sqlite	390	390	0	0	0	0.0000	CRITICAL
SPY	SPY.2024-10-30.sqlite	390	390	0	0	0	0.0000	CRITICAL
SPY	SPY.2024-10-14.sqlite	390	390	0	0	0	0.0000	CRITICAL
SPY	SPY.2024-10-08.sqlite	390	390	0	0	0	0.0000	CRITICAL
SPY	SPY.2024-10-01.sqlite	390	390	0	0	0	0.0000	CRITICAL
SPY	SPY.2024-09-16.sqlite	390	390	0	0	0	0.0000	CRITICAL
SPY	SPY.2024-09-06.sqlite	390	390	0	0	0	0.0000	CRITICAL
SPY	SPY.2024-09-03.sqlite	390	390	0	0	0	0.0000	CRITICAL
SPY	SPY.2024-08-23.sqlite	390	390	0	0	0	0.0000	CRITICAL
SPY	SPY.2024-08-13.sqlite	390	390	0	0	0	0.0000	CRITICAL
SPY	SPY.2024-08-01.sqlite	390	390	0	0	0	0.0000	CRITICAL
SPY	SPY.2024-07-18.sqlite	390	390	0	0	0	0.0000	CRITICAL
SPY	SPY.2024-07-10.sqlite	390	390	0	0	0	0.0000	CRITICAL
SPY	SPY.2024-07-03.sqlite	390	390	0	0	0	0.0000	CRITICAL
SPY	SPY.2024-06-21.sqlite	390	390	0	0	0	0.0000	CRITICAL
SPY	SPY.2024-06-10.sqlite	390	390	0	0	0	0.0000	CRITICAL
SPY	SPY.2024-05-22.sqlite	390	390	0	0	0	0.0000	CRITICAL
SPY	SPY.2024-05-14.sqlite	390	390	0	0	0	0.0000	CRITICAL
SPY	SPY.2024-04-30.sqlite	390	390	0	0	0	0.0000	CRITICAL
SPY	SPY.2024-04-18.sqlite	390	390	0	0	0	0.0000	CRITICAL
SPY	SPY.2024-04-04.sqlite	390	390	0	0	0	0.0000	CRITICAL
SPY	SPY.2024-03-27.sqlite	390	390	0	0	0	0.0000	CRITICAL
SPY	SPY.2024-03-18.sqlite	390	390	0	0	0	0.0000	CRITICAL
SPY	SPY.2025-02-18.sqlite	390	390	0	0	0	0.0000	CRITICAL
SPY	SPY.2025-02-12.sqlite	390	390	0	0	0	0.0000	CRITICAL
SPY	SPY.2025-01-24.sqlite	390	390	0	0	0	0.0000	CRITICAL
SPY	SPY.2024-11-27.sqlite	390	390	0	0	0	0.0000	CRITICAL
SPY	SPY.2024-11-15.sqlite	390	390	0	0	0	0.0000	CRITICAL
SPY	SPY.2024-11-07.sqlite	390	390	0	0	0	0.0000	CRITICAL
SPY	SPY.2024-10-23.sqlite	390	390	0	0	0	0.0000	CRITICAL
SPY	SPY.2024-10-15.sqlite	390	390	0	0	0	0.0000	CRITICAL
SPY	SPY.2024-09-26.sqlite	390	390	0	0	0	0.0000	CRITICAL
SPY	SPY.2024-09-09.sqlite	390	390	0	0	0	0.0000	CRITICAL
SPY	SPY.2024-08-21.sqlite	390	390	0	0	0	0.0000	CRITICAL
SPY	SPY.2024-08-06.sqlite	390	390	0	0	0	0.0000	CRITICAL
SPY	SPY.2024-07-12.sqlite	390	390	0	0	0	0.0000	CRITICAL
SPY	SPY.2024-06-28.sqlite	390	390	0	0	0	0.0000	CRITICAL
SPY	SPY.2024-06-14.sqlite	390	390	0	0	0	0.0000	CRITICAL
SPY	SPY.2024-05-29.sqlite	390	390	0	0	0	0.0000	CRITICAL
SPY	SPY.2024-05-13.sqlite	390	390	0	0	0	0.0000	CRITICAL
SPY	SPY.2024-05-02.sqlite	390	390	0	0	0	0.0000	CRITICAL
SPY	SPY.2024-04-26.sqlite	390	390	0	0	0	0.0000	CRITICAL
SPY	SPY.2024-04-22.sqlite	390	390	0	0	0	0.0000	CRITICAL
SPY	SPY.2024-04-11.sqlite	390	390	0	0	0	0.0000	CRITICAL
SPY	SPY.2024-04-02.sqlite	390	390	0	0	0	0.0000	CRITICAL
SPY	SPY.2024-03-20.sqlite	390	390	0	0	0	0.0000	CRITICAL
SPY	SPY.2024-03-11.sqlite	390	390	0	0	0	0.0000	CRITICAL
SPY	SPY.2024-03-06.sqlite	390	390	0	0	0	0.0000	CRITICAL
SPY	SPY.2024-02-26.sqlite	390	390	0	0	0	0.0000	CRITICAL
SPY	SPY.2024-02-16.sqlite	390	390	0	0	0	0.0000	CRITICAL
SPY	SPY.2024-02-06.sqlite	390	390	0	0	0	0.0000	CRITICAL
SPY	SPY.2024-01-30.sqlite	390	390	0	0	0	0.0000	CRITICAL
SPY	SPY.2024-01-22.sqlite	390	390	0	0	0	0.0000	CRITICAL
SPY	SPY.2024-01-10.sqlite	390	390	0	0	0	0.0000	CRITICAL
SPY	SPY.2023-12-21.sqlite	390	390	0	0	0	0.0000	CRITICAL
SPY	SPY.2023-12-12.sqlite	390	390	0	0	0	0.0000	CRITICAL
SPY	SPY.2023-11-30.sqlite	390	390	0	0	0	0.0000	CRITICAL
SPY	SPY.2023-11-17.sqlite	390	390	0	0	0	0.0000	CRITICAL
SPY	SPY.2023-11-13.sqlite	390	390	0	0	0	0.0000	CRITICAL
SPY	SPY.2023-11-01.sqlite	390	390	0	0	0	0.0000	CRITICAL
SPY	SPY.2023-10-20.sqlite	390	390	0	0	0	0.0000	CRITICAL
SPY	SPY.2023-10-13.sqlite	390	390	0	0	0	0.0000	CRITICAL
SPY	SPY.2023-10-05.sqlite	390	390	0	0	0	0.0000	CRITICAL
SPY	SPY.2023-10-04.sqlite	390	390	0	0	0	0.0000	CRITICAL
SPY	SPY.2023-09-28.sqlite	390	390	0	0	0	0.0000	CRITICAL
SPY	SPY.2023-09-26.sqlite	390	390	0	0	0	0.0000	CRITICAL
SPY	SPY.2023-09-18.sqlite	390	390	0	0	0	0.0000	CRITICAL
SPY	SPY.2023-09-14.sqlite	390	390	0	0	0	0.0000	CRITICAL
SPY	SPY.2023-09-11.sqlite	390	390	0	0	0	0.0000	CRITICAL
SPY	SPY.2023-09-08.sqlite	390	390	0	0	0	0.0000	CRITICAL
SPY	SPY.2023-09-05.sqlite	390	390	0	0	0	0.0000	CRITICAL
SPY	SPY.2023-08-31.sqlite	390	390	0	0	0	0.0000	CRITICAL
SPY	SPY.2023-08-28.sqlite	390	390	0	0	0	0.0000	CRITICAL
SPY	SPY.2023-08-23.sqlite	390	390	0	0	0	0.0000	CRITICAL
SPY	SPY.2023-08-18.sqlite	390	390	0	0	0	0.0000	CRITICAL
SPY	SPY.2023-08-16.sqlite	390	390	0	0	0	0.0000	CRITICAL
SPY	SPY.2023-08-15.sqlite	390	390	0	0	0	0.0000	CRITICAL
SPY	SPY.2023-08-09.sqlite	390	390	0	0	0	0.0000	CRITICAL
SPY	SPY.2023-08-08.sqlite	390	390	0	0	0	0.0000	CRITICAL
SPY	SPY.2023-08-03.sqlite	390	390	0	0	0	0.0000	CRITICAL
SPY	SPY.2023-08-02.sqlite	390	390	0	0	0	0.0000	CRITICAL
SPY	SPY.2023-07-31.sqlite	390	390	0	0	0	0.0000	CRITICAL
SPY	SPY.2023-07-20.sqlite	390	390	0	0	0	0.0000	CRITICAL
SPY	SPY.2023-07-13.sqlite	390	390	0	0	0	0.0000	CRITICAL
SPY	SPY.2023-07-11.sqlite	390	390	0	0	0	0.0000	CRITICAL
SPY	SPY.2023-07-03.sqlite	390	390	0	0	0	0.0000	CRITICAL
SPY	SPY.2023-06-29.sqlite	390	390	0	0	0	0.0000	CRITICAL
SPY	SPY.2023-06-23.sqlite	390	390	0	0	0	0.0000	CRITICAL
SPY	SPY.2023-06-22.sqlite	390	390	0	0	0	0.0000	CRITICAL
SPY	SPY.2023-06-21.sqlite	390	390	0	0	0	0.0000	CRITICAL
SPY	SPY.2023-06-20.sqlite	390	390	0	0	0	0.0000	CRITICAL
SPY	SPY.2023-06-16.sqlite	390	390	0	0	0	0.0000	CRITICAL
SPY	SPY.2023-06-14.sqlite	390	390	0	0	0	0.0000	CRITICAL
SPY	SPY.2023-06-12.sqlite	390	390	0	0	0	0.0000	CRITICAL
SPY	SPY.2023-06-07.sqlite	390	390	0	0	0	0.0000	CRITICAL
SPY	SPY.2023-06-05.sqlite	390	390	0	0	0	0.0000	CRITICAL
SPY	SPY.2023-06-02.sqlite	390	390	0	0	0	0.0000	CRITICAL
SPY	SPY.2025-02-11.sqlite	390	390	0	0	0	0.0000	CRITICAL
SPY	SPY.2025-02-10.sqlite	390	390	0	0	0	0.0000	CRITICAL
SPY	SPY.2025-02-07.sqlite	390	390	0	0	0	0.0000	CRITICAL
SPY	SPY.2025-02-06.sqlite	390	390	0	0	0	0.0000	CRITICAL
SPY	SPY.2025-02-05.sqlite	390	390	0	0	0	0.0000	CRITICAL
SPY	SPY.2025-02-04.sqlite	390	390	0	0	0	0.0000	CRITICAL
SPY	SPY.2025-02-03.sqlite	390	390	0	0	0	0.0000	CRITICAL
SPY	SPY.2025-01-31.sqlite	390	390	0	0	0	0.0000	CRITICAL
SPY	SPY.2025-01-30.sqlite	390	390	0	0	0	0.0000	CRITICAL
SPY	SPY.2025-01-29.sqlite	390	390	0	0	0	0.0000	CRITICAL
SPY	SPY.2025-01-28.sqlite	390	390	0	0	0	0.0000	CRITICAL
SPY	SPY.2025-01-27.sqlite	390	390	0	0	0	0.0000	CRITICAL
SPY	SPY.2025-02-14.sqlite	390	390	0	0	0	0.0000	CRITICAL
SPY	SPY.2025-01-16.sqlite	390	390	0	0	0	0.0000	CRITICAL
SPY	SPY.2025-01-14.sqlite	390	390	0	0	0	0.0000	CRITICAL
SPY	SPY.2025-01-13.sqlite	390	390	0	0	0	0.0000	CRITICAL
SPY	SPY.2025-01-10.sqlite	390	390	0	0	0	0.0000	CRITICAL
SPY	SPY.2025-01-08.sqlite	390	390	0	0	0	0.0000	CRITICAL
SPY	SPY.2025-01-07.sqlite	390	390	0	0	0	0.0000	CRITICAL
SPY	SPY.2025-01-06.sqlite	390	390	0	0	0	0.0000	CRITICAL
SPY	SPY.2025-01-03.sqlite	390	390	0	0	0	0.0000	CRITICAL
SPY	SPY.2025-01-02.sqlite	390	390	0	0	0	0.0000	CRITICAL
SPY	SPY.2024-12-31.sqlite	390	390	0	0	0	0.0000	CRITICAL
SPY	SPY.2024-12-30.sqlite	390	390	0	0	0	0.0000	CRITICAL
SPY	SPY.2024-12-27.sqlite	390	390	0	0	0	0.0000	CRITICAL
SPY	SPY.2024-12-26.sqlite	390	390	0	0	0	0.0000	CRITICAL
SPY	SPY.2024-12-24.sqlite	390	390	0	0	0	0.0000	CRITICAL
SPY	SPY.2024-12-23.sqlite	390	390	0	0	0	0.0000	CRITICAL
SPY	SPY.2024-12-20.sqlite	390	390	0	0	0	0.0000	CRITICAL
SPY	SPY.2024-12-19.sqlite	390	390	0	0	0	0.0000	CRITICAL
SPY	SPY.2024-12-18.sqlite	390	390	0	0	0	0.0000	CRITICAL
SPY	SPY.2024-12-17.sqlite	390	390	0	0	0	0.0000	CRITICAL
SPY	SPY.2024-12-16.sqlite	390	390	0	0	0	0.0000	CRITICAL
SPY	SPY.2024-12-13.sqlite	390	390	0	0	0	0.0000	CRITICAL
SPY	SPY.2025-02-20.sqlite	390	390	0	0	0	0.0000	CRITICAL
USO	USO.2025-08-27.sqlite	781	781	130594	391	390	0.4994	CRITICAL
USO	USO.2025-08-26.sqlite	781	781	130594	391	390	0.4994	CRITICAL
USO	USO.2024-08-02.sqlite	0	0	0	0	0	0.0000	CRITICAL
USO	USO.2025-08-28.sqlite	781	781	138414	391	390	0.4994	CRITICAL
VIX	VIX.2025-08-13.sqlite	391	391	62560	391	0	0.0000	CRITICAL
VIX	VIX.2024-08-22.sqlite	391	391	31280	391	0	0.0000	CRITICAL
VIX	VIX.2023-05-04.sqlite	391	391	62560	391	0	0.0000	CRITICAL
VIX	VIX.2023-04-20.sqlite	391	391	31280	391	0	0.0000	CRITICAL
VIX	VIX.2023-03-29.sqlite	391	391	62560	391	0	0.0000	CRITICAL
VIX	VIX.2023-03-06.sqlite	391	391	62560	391	0	0.0000	CRITICAL
VIX	VIX.2023-03-04.sqlite	0	0	0	0	0	0.0000	CRITICAL
VIX	VIX.2023-02-06.sqlite	391	391	62560	391	0	0.0000	CRITICAL
VIX	VIX.2023-01-20.sqlite	391	391	31280	391	0	0.0000	CRITICAL
VIX	VIX.2022-05-03.sqlite	391	391	60996	391	0	0.0000	CRITICAL
VIX	VIX.2022-05-01.sqlite	0	0	0	0	0	0.0000	CRITICAL
VIX	VIX.2022-04-30.sqlite	0	0	0	0	0	0.0000	CRITICAL
VIX	VIX.2022-04-07.sqlite	391	391	62560	391	0	0.0000	CRITICAL
VIX	VIX.2022-03-14.sqlite	391	391	62560	391	0	0.0000	CRITICAL
VIX	VIX.2022-02-22.sqlite	391	391	62560	391	0	0.0000	CRITICAL
VIX	VIX.2022-02-21.sqlite	0	0	0	0	0	0.0000	CRITICAL
VIX	VIX.2022-02-20.sqlite	0	0	0	0	0	0.0000	CRITICAL
VIX	VIX.2022-02-19.sqlite	0	0	0	0	0	0.0000	CRITICAL
VIX	VIX.2022-01-14.sqlite	391	391	91494	391	0	0.0000	CRITICAL
VIX	VIX.2021-04-28.sqlite	391	391	62560	391	0	0.0000	CRITICAL
VIX	VIX.2021-04-05.sqlite	391	391	62560	391	0	0.0000	CRITICAL
VIX	VIX.2021-03-11.sqlite	391	391	62560	391	0	0.0000	CRITICAL
VIX	VIX.2021-02-12.sqlite	391	391	62560	391	0	0.0000	CRITICAL
VIX	VIX.2021-01-21.sqlite	391	391	62560	391	0	0.0000	CRITICAL
VIX	VIX.2020-04-24.sqlite	391	391	62560	391	0	0.0000	CRITICAL
VIX	VIX.2020-03-26.sqlite	391	391	60996	391	0	0.0000	CRITICAL
VIX	VIX.2020-03-04.sqlite	391	391	54740	391	0	0.0000	CRITICAL
VIX	VIX.2020-02-07.sqlite	391	391	57868	391	0	0.0000	CRITICAL
VIX	VIX.2020-01-14.sqlite	391	391	62560	391	0	0.0000	CRITICAL
VIX	VIX.2019-05-01.sqlite	391	391	62560	391	0	0.0000	CRITICAL
VIX	VIX.2019-04-04.sqlite	391	391	62560	391	0	0.0000	CRITICAL
VIX	VIX.2019-03-07.sqlite	391	391	62560	391	0	0.0000	CRITICAL
VIX	VIX.2019-02-07.sqlite	391	391	62560	391	0	0.0000	CRITICAL
VIX	VIX.2019-01-07.sqlite	391	391	62560	391	0	0.0000	CRITICAL
VIX	VIX.2019-01-05.sqlite	0	0	0	0	0	0.0000	CRITICAL
VIX	VIX.2018-11-23.sqlite	391	391	115736	391	0	0.0000	CRITICAL
VIX	VIX.2018-11-22.sqlite	0	0	0	0	0	0.0000	CRITICAL
VIX	VIX.2018-11-07.sqlite	391	391	29716	391	0	0.0000	CRITICAL
VIX	VIX.2025-08-14.sqlite	391	391	62560	391	0	0.0000	CRITICAL
VIX	VIX.2024-08-23.sqlite	391	391	31280	391	0	0.0000	CRITICAL
VIX	VIX.2023-05-05.sqlite	391	391	62560	391	0	0.0000	CRITICAL
VIX	VIX.2023-04-10.sqlite	391	391	62560	391	0	0.0000	CRITICAL
VIX	VIX.2023-04-09.sqlite	0	0	0	0	0	0.0000	CRITICAL
VIX	VIX.2023-03-16.sqlite	391	391	62560	391	0	0.0000	CRITICAL
VIX	VIX.2023-02-20.sqlite	391	391	62560	391	0	0.0000	CRITICAL
VIX	VIX.2023-02-19.sqlite	0	0	0	0	0	0.0000	CRITICAL
VIX	VIX.2023-01-30.sqlite	391	391	62560	391	0	0.0000	CRITICAL
VIX	VIX.2023-01-29.sqlite	0	0	0	0	0	0.0000	CRITICAL
VIX	VIX.2023-01-28.sqlite	0	0	0	0	0	0.0000	CRITICAL
VIX	VIX.2023-01-06.sqlite	391	391	62560	391	0	0.0000	CRITICAL
VIX	VIX.2022-04-20.sqlite	391	391	60996	391	0	0.0000	CRITICAL
VIX	VIX.2022-04-17.sqlite	0	0	0	0	0	0.0000	CRITICAL
VIX	VIX.2022-03-21.sqlite	391	391	62560	391	0	0.0000	CRITICAL
VIX	VIX.2022-03-20.sqlite	0	0	0	0	0	0.0000	CRITICAL
VIX	VIX.2022-03-19.sqlite	0	0	0	0	0	0.0000	CRITICAL
VIX	VIX.2022-02-24.sqlite	391	391	62560	391	0	0.0000	CRITICAL
VIX	VIX.2022-01-31.sqlite	391	391	62560	391	0	0.0000	CRITICAL
VIX	VIX.2022-01-30.sqlite	0	0	0	0	0	0.0000	CRITICAL
VIX	VIX.2022-01-29.sqlite	0	0	0	0	0	0.0000	CRITICAL
VIX	VIX.2022-01-05.sqlite	391	391	62560	391	0	0.0000	CRITICAL
VIX	VIX.2021-05-06.sqlite	391	391	17204	391	0	0.0000	CRITICAL
VIX	VIX.2021-04-16.sqlite	391	391	62560	391	0	0.0000	CRITICAL
VIX	VIX.2021-03-24.sqlite	391	391	62560	391	0	0.0000	CRITICAL
VIX	VIX.2021-03-20.sqlite	0	0	0	0	0	0.0000	CRITICAL
VIX	VIX.2021-03-02.sqlite	391	391	62560	391	0	0.0000	CRITICAL
VIX	VIX.2021-02-18.sqlite	391	391	31280	391	0	0.0000	CRITICAL
VIX	VIX.2021-01-26.sqlite	391	391	62560	391	0	0.0000	CRITICAL
VIX	VIX.2021-01-04.sqlite	391	391	62560	391	0	0.0000	CRITICAL
VIX	VIX.2021-01-01.sqlite	0	0	0	0	0	0.0000	CRITICAL
VIX	VIX.2020-04-13.sqlite	391	391	60996	391	0	0.0000	CRITICAL
VIX	VIX.2020-04-12.sqlite	0	0	0	0	0	0.0000	CRITICAL
VIX	VIX.2020-04-11.sqlite	0	0	0	0	0	0.0000	CRITICAL
VIX	VIX.2020-04-10.sqlite	0	0	0	0	0	0.0000	CRITICAL
VIX	VIX.2020-03-17.sqlite	391	391	62560	391	0	0.0000	CRITICAL
VIX	VIX.2020-02-24.sqlite	391	391	53176	391	0	0.0000	CRITICAL
VIX	VIX.2020-02-23.sqlite	0	0	0	0	0	0.0000	CRITICAL
VIX	VIX.2020-02-22.sqlite	0	0	0	0	0	0.0000	CRITICAL
VIX	VIX.2020-01-31.sqlite	391	391	57868	391	0	0.0000	CRITICAL
VIX	VIX.2020-01-07.sqlite	391	391	62560	391	0	0.0000	CRITICAL
VIX	VIX.2019-04-22.sqlite	391	391	62560	391	0	0.0000	CRITICAL
VIX	VIX.2019-04-21.sqlite	0	0	0	0	0	0.0000	CRITICAL
VIX	VIX.2019-04-20.sqlite	0	0	0	0	0	0.0000	CRITICAL
VIX	VIX.2019-04-19.sqlite	0	0	0	0	0	0.0000	CRITICAL
VIX	VIX.2019-03-28.sqlite	391	391	62560	391	0	0.0000	CRITICAL
VIX	VIX.2019-03-05.sqlite	391	391	62560	391	0	0.0000	CRITICAL
VIX	VIX.2019-03-03.sqlite	0	0	0	0	0	0.0000	CRITICAL
VIX	VIX.2019-03-02.sqlite	0	0	0	0	0	0.0000	CRITICAL
VIX	VIX.2019-02-14.sqlite	391	391	31280	391	0	0.0000	CRITICAL
VIX	VIX.2019-01-18.sqlite	391	391	62560	391	0	0.0000	CRITICAL
VIX	VIX.2019-01-03.sqlite	391	391	62560	391	0	0.0000	CRITICAL
VIX	VIX.2018-11-19.sqlite	391	391	102442	391	0	0.0000	CRITICAL
VIX	VIX.2018-11-18.sqlite	0	0	0	0	0	0.0000	CRITICAL
VIX	VIX.2018-11-17.sqlite	0	0	0	0	0	0.0000	CRITICAL
VIX	VIX.2018-11-06.sqlite	391	391	29716	391	0	0.0000	CRITICAL
VIX	VIX.2018-10-29.sqlite	391	391	29716	391	0	0.0000	CRITICAL
VIX	VIX.2018-10-28.sqlite	0	0	0	0	0	0.0000	CRITICAL
VIX	VIX.2018-10-27.sqlite	0	0	0	0	0	0.0000	CRITICAL
VIX	VIX.2018-10-22.sqlite	391	391	29716	391	0	0.0000	CRITICAL
VIX	VIX.2018-10-19.sqlite	0	0	0	0	0	0.0000	CRITICAL
VIX	VIX.2018-10-18.sqlite	0	0	0	0	0	0.0000	CRITICAL
VIX	VIX.2018-10-17.sqlite	0	0	0	0	0	0.0000	CRITICAL
VIX	VIX.2018-10-16.sqlite	0	0	0	0	0	0.0000	CRITICAL
VIX	VIX.2025-08-11.sqlite	391	391	62560	391	0	0.0000	CRITICAL
VIX	VIX.2025-08-09.sqlite	0	0	0	0	0	0.0000	CRITICAL
VIX	VIX.2024-07-05.sqlite	391	391	31280	391	0	0.0000	CRITICAL
VIX	VIX.2023-04-27.sqlite	391	391	62560	391	0	0.0000	CRITICAL
VIX	VIX.2023-03-20.sqlite	391	391	93840	391	0	0.0000	CRITICAL
VIX	VIX.2023-03-19.sqlite	0	0	0	0	0	0.0000	CRITICAL
VIX	VIX.2023-03-18.sqlite	0	0	0	0	0	0.0000	CRITICAL
VIX	VIX.2023-02-22.sqlite	391	391	62560	391	0	0.0000	CRITICAL
VIX	VIX.2023-02-01.sqlite	391	391	62560	391	0	0.0000	CRITICAL
VIX	VIX.2023-01-10.sqlite	391	391	62560	391	0	0.0000	CRITICAL
VIX	VIX.2023-01-08.sqlite	0	0	0	0	0	0.0000	CRITICAL
VIX	VIX.2022-04-22.sqlite	391	391	60996	391	0	0.0000	CRITICAL
VIX	VIX.2022-04-01.sqlite	391	391	62560	391	0	0.0000	CRITICAL
VIX	VIX.2022-03-03.sqlite	391	391	62560	391	0	0.0000	CRITICAL
VIX	VIX.2022-02-01.sqlite	391	391	62560	391	0	0.0000	CRITICAL
VIX	VIX.2022-01-10.sqlite	391	391	62560	391	0	0.0000	CRITICAL
VIX	VIX.2022-01-09.sqlite	0	0	0	0	0	0.0000	CRITICAL
VIX	VIX.2022-01-08.sqlite	0	0	0	0	0	0.0000	CRITICAL
VIX	VIX.2021-04-23.sqlite	391	391	62560	391	0	0.0000	CRITICAL
VIX	VIX.2021-03-31.sqlite	391	391	62560	391	0	0.0000	CRITICAL
VIX	VIX.2021-03-10.sqlite	391	391	62560	391	0	0.0000	CRITICAL
VIX	VIX.2021-03-06.sqlite	0	0	0	0	0	0.0000	CRITICAL
VIX	VIX.2021-02-10.sqlite	391	391	62560	391	0	0.0000	CRITICAL
VIX	VIX.2021-01-15.sqlite	391	391	62560	391	0	0.0000	CRITICAL
VIX	VIX.2020-04-22.sqlite	391	391	62560	391	0	0.0000	CRITICAL
VIX	VIX.2020-03-31.sqlite	391	391	60996	391	0	0.0000	CRITICAL
VIX	VIX.2020-03-05.sqlite	391	391	54740	391	0	0.0000	CRITICAL
VIX	VIX.2020-02-11.sqlite	391	391	57868	391	0	0.0000	CRITICAL
VIX	VIX.2020-01-17.sqlite	391	391	62560	391	0	0.0000	CRITICAL
VIX	VIX.2019-05-03.sqlite	391	391	62560	391	0	0.0000	CRITICAL
VIX	VIX.2019-04-08.sqlite	391	391	62560	391	0	0.0000	CRITICAL
VIX	VIX.2019-04-07.sqlite	0	0	0	0	0	0.0000	CRITICAL
VIX	VIX.2019-04-06.sqlite	0	0	0	0	0	0.0000	CRITICAL
VIX	VIX.2019-03-08.sqlite	391	391	62560	391	0	0.0000	CRITICAL
VIX	VIX.2019-02-06.sqlite	391	391	62560	391	0	0.0000	CRITICAL
VIX	VIX.2019-01-11.sqlite	391	391	62560	391	0	0.0000	CRITICAL
VIX	VIX.2018-12-14.sqlite	391	391	59432	391	0	0.0000	CRITICAL
VIX	VIX.2018-12-04.sqlite	391	391	59432	391	0	0.0000	CRITICAL
VIX	VIX.2018-12-02.sqlite	0	0	0	0	0	0.0000	CRITICAL
VIX	VIX.2018-11-25.sqlite	0	0	0	0	0	0.0000	CRITICAL
VIX	VIX.2018-11-24.sqlite	0	0	0	0	0	0.0000	CRITICAL
VIX	VIX.2025-08-04.sqlite	391	391	62560	391	0	0.0000	CRITICAL
VIX	VIX.2024-07-03.sqlite	391	391	31280	391	0	0.0000	CRITICAL
VIX	VIX.2023-04-24.sqlite	391	391	62560	391	0	0.0000	CRITICAL
VIX	VIX.2023-04-23.sqlite	0	0	0	0	0	0.0000	CRITICAL
VIX	VIX.2023-04-22.sqlite	0	0	0	0	0	0.0000	CRITICAL
VIX	VIX.2023-03-28.sqlite	391	391	62560	391	0	0.0000	CRITICAL
VIX	VIX.2023-03-26.sqlite	0	0	0	0	0	0.0000	CRITICAL
VIX	VIX.2023-03-25.sqlite	0	0	0	0	0	0.0000	CRITICAL
VIX	VIX.2023-03-02.sqlite	391	391	62560	391	0	0.0000	CRITICAL
VIX	VIX.2023-02-07.sqlite	391	391	62560	391	0	0.0000	CRITICAL
VIX	VIX.2023-01-13.sqlite	391	391	62560	391	0	0.0000	CRITICAL
VIX	VIX.2022-04-25.sqlite	391	391	60996	391	0	0.0000	CRITICAL
VIX	VIX.2022-04-23.sqlite	0	0	0	0	0	0.0000	CRITICAL
VIX	VIX.2022-03-31.sqlite	391	391	62560	391	0	0.0000	CRITICAL
VIX	VIX.2022-03-26.sqlite	0	0	0	0	0	0.0000	CRITICAL
VIX	VIX.2022-03-17.sqlite	391	391	31280	391	0	0.0000	CRITICAL
VIX	VIX.2022-03-13.sqlite	0	0	0	0	0	0.0000	CRITICAL
VIX	VIX.2022-03-06.sqlite	0	0	0	0	0	0.0000	CRITICAL
VIX	VIX.2022-02-16.sqlite	391	391	31280	391	0	0.0000	CRITICAL
VIX	VIX.2022-01-24.sqlite	391	391	62560	391	0	0.0000	CRITICAL
VIX	VIX.2022-01-23.sqlite	0	0	0	0	0	0.0000	CRITICAL
VIX	VIX.2022-01-22.sqlite	0	0	0	0	0	0.0000	CRITICAL
VIX	VIX.2021-04-20.sqlite	391	391	91494	391	0	0.0000	CRITICAL
VIX	VIX.2021-04-18.sqlite	0	0	0	0	0	0.0000	CRITICAL
VIX	VIX.2021-03-25.sqlite	391	391	62560	391	0	0.0000	CRITICAL
VIX	VIX.2021-03-04.sqlite	391	391	62560	391	0	0.0000	CRITICAL
VIX	VIX.2021-02-08.sqlite	391	391	62560	391	0	0.0000	CRITICAL
VIX	VIX.2021-02-07.sqlite	0	0	0	0	0	0.0000	CRITICAL
VIX	VIX.2021-02-06.sqlite	0	0	0	0	0	0.0000	CRITICAL
VIX	VIX.2021-01-07.sqlite	391	391	62560	391	0	0.0000	CRITICAL
VIX	VIX.2020-04-14.sqlite	391	391	60996	391	0	0.0000	CRITICAL
VIX	VIX.2020-03-16.sqlite	374	374	59840	374	0	0.0000	CRITICAL
VIX	VIX.2020-03-15.sqlite	0	0	0	0	0	0.0000	CRITICAL
VIX	VIX.2020-03-14.sqlite	0	0	0	0	0	0.0000	CRITICAL
VIX	VIX.2020-02-21.sqlite	391	391	53176	391	0	0.0000	CRITICAL
VIX	VIX.2020-01-28.sqlite	391	391	57868	391	0	0.0000	CRITICAL
VIX	VIX.2020-01-02.sqlite	391	391	62560	391	0	0.0000	CRITICAL
VIX	VIX.2020-01-01.sqlite	0	0	0	0	0	0.0000	CRITICAL
VIX	VIX.2019-05-12.sqlite	0	0	0	0	0	0.0000	CRITICAL
VIX	VIX.2019-05-11.sqlite	0	0	0	0	0	0.0000	CRITICAL
VIX	VIX.2019-04-16.sqlite	391	391	62560	391	0	0.0000	CRITICAL
VIX	VIX.2019-03-25.sqlite	391	391	62560	391	0	0.0000	CRITICAL
VIX	VIX.2019-03-24.sqlite	0	0	0	0	0	0.0000	CRITICAL
VIX	VIX.2019-03-23.sqlite	0	0	0	0	0	0.0000	CRITICAL
VIX	VIX.2019-02-27.sqlite	391	391	62560	391	0	0.0000	CRITICAL
VIX	VIX.2019-02-13.sqlite	391	391	31280	391	0	0.0000	CRITICAL
VIX	VIX.2019-01-24.sqlite	391	391	62560	391	0	0.0000	CRITICAL
VIX	VIX.2018-12-20.sqlite	391	391	59432	391	0	0.0000	CRITICAL
VIX	VIX.2018-12-07.sqlite	391	391	59432	391	0	0.0000	CRITICAL
VIX	VIX.2025-08-20.sqlite	391	391	31280	391	0	0.0000	CRITICAL
VIX	VIX.2024-08-19.sqlite	391	391	46920	391	0	0.0000	CRITICAL
VIX	VIX.2023-05-01.sqlite	391	391	62560	391	0	0.0000	CRITICAL
VIX	VIX.2023-04-30.sqlite	0	0	0	0	0	0.0000	CRITICAL
VIX	VIX.2023-04-29.sqlite	0	0	0	0	0	0.0000	CRITICAL
VIX	VIX.2023-03-21.sqlite	391	391	93840	391	0	0.0000	CRITICAL
VIX	VIX.2023-03-01.sqlite	391	391	62560	391	0	0.0000	CRITICAL
VIX	VIX.2023-02-16.sqlite	391	391	31280	391	0	0.0000	CRITICAL
VIX	VIX.2023-01-17.sqlite	391	391	62560	391	0	0.0000	CRITICAL
VIX	VIX.2022-04-29.sqlite	391	391	60996	391	0	0.0000	CRITICAL
VIX	VIX.2022-04-05.sqlite	391	391	62560	391	0	0.0000	CRITICAL
VIX	VIX.2022-03-10.sqlite	391	391	62560	391	0	0.0000	CRITICAL
VIX	VIX.2022-02-08.sqlite	391	391	62560	391	0	0.0000	CRITICAL
VIX	VIX.2022-01-12.sqlite	391	391	62560	391	0	0.0000	CRITICAL
VIX	VIX.2021-04-27.sqlite	391	391	62560	391	0	0.0000	CRITICAL
VIX	VIX.2021-04-07.sqlite	391	391	62560	391	0	0.0000	CRITICAL
VIX	VIX.2021-03-12.sqlite	391	391	62560	391	0	0.0000	CRITICAL
VIX	VIX.2021-03-07.sqlite	0	0	0	0	0	0.0000	CRITICAL
VIX	VIX.2021-02-19.sqlite	391	391	31280	391	0	0.0000	CRITICAL
VIX	VIX.2021-01-25.sqlite	391	391	62560	391	0	0.0000	CRITICAL
VIX	VIX.2021-01-24.sqlite	0	0	0	0	0	0.0000	CRITICAL
VIX	VIX.2021-01-23.sqlite	0	0	0	0	0	0.0000	CRITICAL
VIX	VIX.2020-05-05.sqlite	391	391	52785	391	0	0.0000	CRITICAL
VIX	VIX.2020-04-06.sqlite	391	391	60996	391	0	0.0000	CRITICAL
VIX	VIX.2020-04-05.sqlite	0	0	0	0	0	0.0000	CRITICAL
VIX	VIX.2020-04-04.sqlite	0	0	0	0	0	0.0000	CRITICAL
VIX	VIX.2020-03-20.sqlite	391	391	31280	391	0	0.0000	CRITICAL
VIX	VIX.2020-02-26.sqlite	391	391	53176	391	0	0.0000	CRITICAL
VIX	VIX.2020-02-03.sqlite	391	391	57868	391	0	0.0000	CRITICAL
VIX	VIX.2020-02-02.sqlite	0	0	0	0	0	0.0000	CRITICAL
VIX	VIX.2020-02-01.sqlite	0	0	0	0	0	0.0000	CRITICAL
VIX	VIX.2020-01-10.sqlite	391	391	62560	391	0	0.0000	CRITICAL
VIX	VIX.2019-04-26.sqlite	391	391	62560	391	0	0.0000	CRITICAL
VIX	VIX.2019-04-03.sqlite	391	391	62560	391	0	0.0000	CRITICAL
VIX	VIX.2019-03-20.sqlite	391	391	31280	391	0	0.0000	CRITICAL
VIX	VIX.2019-02-22.sqlite	391	391	62560	391	0	0.0000	CRITICAL
VIX	VIX.2019-01-29.sqlite	391	391	62560	391	0	0.0000	CRITICAL
VIX	VIX.2018-11-29.sqlite	391	391	136850	391	0	0.0000	CRITICAL
VIX	VIX.2018-11-14.sqlite	391	391	51612	391	0	0.0000	CRITICAL
VIX	VIX.2018-11-01.sqlite	391	391	29716	391	0	0.0000	CRITICAL
VIX	VIX.2018-10-26.sqlite	391	391	29716	391	0	0.0000	CRITICAL
VIX	VIX.2025-08-18.sqlite	391	391	62560	391	0	0.0000	CRITICAL
VIX	VIX.2024-08-20.sqlite	391	391	46920	391	0	0.0000	CRITICAL
VIX	VIX.2024-06-27.sqlite	391	391	31280	391	0	0.0000	CRITICAL
VIX	VIX.2023-04-14.sqlite	391	391	62560	391	0	0.0000	CRITICAL
VIX	VIX.2023-03-24.sqlite	391	391	62560	391	0	0.0000	CRITICAL
VIX	VIX.2023-03-03.sqlite	391	391	62560	391	0	0.0000	CRITICAL
VIX	VIX.2023-02-17.sqlite	391	391	31280	391	0	0.0000	CRITICAL
VIX	VIX.2023-01-24.sqlite	391	391	62560	391	0	0.0000	CRITICAL
VIX	VIX.2023-01-15.sqlite	0	0	0	0	0	0.0000	CRITICAL
VIX	VIX.2022-04-27.sqlite	391	391	60996	391	0	0.0000	CRITICAL
VIX	VIX.2022-04-04.sqlite	391	391	62560	391	0	0.0000	CRITICAL
VIX	VIX.2022-04-02.sqlite	0	0	0	0	0	0.0000	CRITICAL
VIX	VIX.2022-03-04.sqlite	391	391	62560	391	0	0.0000	CRITICAL
VIX	VIX.2022-02-03.sqlite	391	391	62560	391	0	0.0000	CRITICAL
VIX	VIX.2022-01-11.sqlite	391	391	62560	391	0	0.0000	CRITICAL
VIX	VIX.2021-04-22.sqlite	391	391	62560	391	0	0.0000	CRITICAL
VIX	VIX.2021-03-29.sqlite	391	391	62560	391	0	0.0000	CRITICAL
VIX	VIX.2021-03-05.sqlite	391	391	62560	391	0	0.0000	CRITICAL
VIX	VIX.2021-02-17.sqlite	391	391	31280	391	0	0.0000	CRITICAL
VIX	VIX.2021-01-27.sqlite	391	391	62560	391	0	0.0000	CRITICAL
VIX	VIX.2020-05-04.sqlite	391	391	62560	391	0	0.0000	CRITICAL
VIX	VIX.2020-05-02.sqlite	0	0	0	0	0	0.0000	CRITICAL
VIX	VIX.2020-04-03.sqlite	391	391	60996	391	0	0.0000	CRITICAL
VIX	VIX.2020-03-19.sqlite	391	391	31280	391	0	0.0000	CRITICAL
VIX	VIX.2020-02-28.sqlite	391	391	53176	391	0	0.0000	CRITICAL
VIX	VIX.2020-01-21.sqlite	391	391	87584	391	0	0.0000	CRITICAL
VIX	VIX.2020-01-20.sqlite	0	0	0	0	0	0.0000	CRITICAL
VIX	VIX.2020-01-19.sqlite	0	0	0	0	0	0.0000	CRITICAL
VIX	VIX.2020-01-18.sqlite	0	0	0	0	0	0.0000	CRITICAL
VIX	VIX.2019-05-08.sqlite	391	391	62560	391	0	0.0000	CRITICAL
VIX	VIX.2019-04-12.sqlite	391	391	62560	391	0	0.0000	CRITICAL
VIX	VIX.2019-03-12.sqlite	391	391	62560	391	0	0.0000	CRITICAL
VIX	VIX.2019-02-05.sqlite	391	391	62560	391	0	0.0000	CRITICAL
VIX	VIX.2019-01-08.sqlite	391	391	62560	391	0	0.0000	CRITICAL
VIX	VIX.2019-01-06.sqlite	0	0	0	0	0	0.0000	CRITICAL
VIX	VIX.2018-12-13.sqlite	391	391	59432	391	0	0.0000	CRITICAL
VIX	VIX.2018-11-16.sqlite	391	391	76636	391	0	0.0000	CRITICAL
VIX	VIX.2018-11-05.sqlite	391	391	29716	391	0	0.0000	CRITICAL
VIX	VIX.2018-11-04.sqlite	0	0	0	0	0	0.0000	CRITICAL
VIX	VIX.2018-11-03.sqlite	0	0	0	0	0	0.0000	CRITICAL
VIX	VIX.2018-10-23.sqlite	391	391	29716	391	0	0.0000	CRITICAL
VIX	VIX.2018-10-21.sqlite	0	0	0	0	0	0.0000	CRITICAL
VIX	VIX.2018-10-20.sqlite	0	0	0	0	0	0.0000	CRITICAL
VIX	VIX.2018-10-15.sqlite	0	0	0	0	0	0.0000	CRITICAL
VIX	VIX.2018-10-14.sqlite	0	0	0	0	0	0.0000	CRITICAL
VIX	VIX.2018-10-13.sqlite	0	0	0	0	0	0.0000	CRITICAL
VIX	VIX.2025-08-12.sqlite	391	391	62560	391	0	0.0000	CRITICAL
VIX	VIX.2024-08-21.sqlite	391	391	31280	391	0	0.0000	CRITICAL
VIX	VIX.2024-06-24.sqlite	391	391	31280	391	0	0.0000	CRITICAL
VIX	VIX.2023-04-13.sqlite	391	391	62560	391	0	0.0000	CRITICAL
VIX	VIX.2023-04-08.sqlite	0	0	0	0	0	0.0000	CRITICAL
VIX	VIX.2023-04-07.sqlite	0	0	0	0	0	0.0000	CRITICAL
VIX	VIX.2023-03-13.sqlite	391	391	62560	391	0	0.0000	CRITICAL
VIX	VIX.2023-03-12.sqlite	0	0	0	0	0	0.0000	CRITICAL
VIX	VIX.2023-03-11.sqlite	0	0	0	0	0	0.0000	CRITICAL
VIX	VIX.2023-02-14.sqlite	391	391	62560	391	0	0.0000	CRITICAL
VIX	VIX.2023-02-11.sqlite	0	0	0	0	0	0.0000	CRITICAL
VIX	VIX.2023-01-23.sqlite	391	391	62560	391	0	0.0000	CRITICAL
VIX	VIX.2022-05-02.sqlite	391	391	60996	391	0	0.0000	CRITICAL
VIX	VIX.2022-04-08.sqlite	391	391	62560	391	0	0.0000	CRITICAL
VIX	VIX.2022-03-09.sqlite	391	391	62560	391	0	0.0000	CRITICAL
VIX	VIX.2022-02-14.sqlite	391	391	62560	391	0	0.0000	CRITICAL
VIX	VIX.2022-02-13.sqlite	0	0	0	0	0	0.0000	CRITICAL
VIX	VIX.2022-02-12.sqlite	0	0	0	0	0	0.0000	CRITICAL
VIX	VIX.2022-01-21.sqlite	391	391	62560	391	0	0.0000	CRITICAL
VIX	VIX.2021-04-30.sqlite	391	391	62560	391	0	0.0000	CRITICAL
VIX	VIX.2021-04-08.sqlite	391	391	62560	391	0	0.0000	CRITICAL
VIX	VIX.2021-04-04.sqlite	0	0	0	0	0	0.0000	CRITICAL
VIX	VIX.2021-03-28.sqlite	0	0	0	0	0	0.0000	CRITICAL
VIX	VIX.2021-03-08.sqlite	391	391	62560	391	0	0.0000	CRITICAL
VIX	VIX.2021-02-11.sqlite	391	391	62560	391	0	0.0000	CRITICAL
VIX	VIX.2021-01-22.sqlite	391	391	62560	391	0	0.0000	CRITICAL
VIX	VIX.2020-05-01.sqlite	391	391	62560	391	0	0.0000	CRITICAL
VIX	VIX.2020-04-17.sqlite	391	391	31280	391	0	0.0000	CRITICAL
VIX	VIX.2020-03-24.sqlite	391	391	60996	391	0	0.0000	CRITICAL
VIX	VIX.2020-03-02.sqlite	391	391	54740	391	0	0.0000	CRITICAL
VIX	VIX.2020-03-01.sqlite	0	0	0	0	0	0.0000	CRITICAL
VIX	VIX.2020-02-29.sqlite	0	0	0	0	0	0.0000	CRITICAL
VIX	VIX.2020-02-06.sqlite	391	391	57868	391	0	0.0000	CRITICAL
VIX	VIX.2020-01-15.sqlite	391	391	62560	391	0	0.0000	CRITICAL
VIX	VIX.2019-05-02.sqlite	391	391	62560	391	0	0.0000	CRITICAL
VIX	VIX.2019-04-18.sqlite	391	391	31280	391	0	0.0000	CRITICAL
VIX	VIX.2019-03-26.sqlite	391	391	62560	391	0	0.0000	CRITICAL
VIX	VIX.2019-02-26.sqlite	391	391	62560	391	0	0.0000	CRITICAL
VIX	VIX.2019-02-24.sqlite	0	0	0	0	0	0.0000	CRITICAL
VIX	VIX.2019-01-31.sqlite	391	391	62560	391	0	0.0000	CRITICAL
VIX	VIX.2018-12-17.sqlite	391	391	85238	391	0	0.0000	CRITICAL
VIX	VIX.2018-12-16.sqlite	0	0	0	0	0	0.0000	CRITICAL
VIX	VIX.2018-12-15.sqlite	0	0	0	0	0	0.0000	CRITICAL
VIX	VIX.2018-12-06.sqlite	391	391	59432	391	0	0.0000	CRITICAL
VIX	VIX.2018-12-05.sqlite	0	0	0	0	0	0.0000	CRITICAL
VIX	VIX.2025-08-25.sqlite	391	391	62560	391	0	0.0000	CRITICAL
VIX	VIX.2025-08-24.sqlite	0	0	0	0	0	0.0000	CRITICAL
VIX	VIX.2025-08-23.sqlite	0	0	0	0	0	0.0000	CRITICAL
VIX	VIX.2025-08-01.sqlite	391	391	62560	391	0	0.0000	CRITICAL
VIX	VIX.2024-07-08.sqlite	391	391	31280	391	0	0.0000	CRITICAL
VIX	VIX.2023-05-02.sqlite	391	391	62560	391	0	0.0000	CRITICAL
VIX	VIX.2023-04-19.sqlite	391	391	31280	391	0	0.0000	CRITICAL
VIX	VIX.2023-04-04.sqlite	391	391	62560	391	0	0.0000	CRITICAL
VIX	VIX.2023-03-15.sqlite	391	391	62560	391	0	0.0000	CRITICAL
VIX	VIX.2023-02-24.sqlite	391	391	62560	391	0	0.0000	CRITICAL
VIX	VIX.2023-02-15.sqlite	391	391	31280	391	0	0.0000	CRITICAL
VIX	VIX.2023-02-12.sqlite	0	0	0	0	0	0.0000	CRITICAL
VIX	VIX.2023-01-25.sqlite	391	391	62560	391	0	0.0000	CRITICAL
VIX	VIX.2023-01-21.sqlite	0	0	0	0	0	0.0000	CRITICAL
VIX	VIX.2023-01-03.sqlite	391	391	62560	391	0	0.0000	CRITICAL
VIX	VIX.2022-04-13.sqlite	391	391	62560	391	0	0.0000	CRITICAL
VIX	VIX.2022-03-24.sqlite	391	391	62560	391	0	0.0000	CRITICAL
VIX	VIX.2022-03-18.sqlite	391	391	31280	391	0	0.0000	CRITICAL
VIX	VIX.2022-02-25.sqlite	391	391	62560	391	0	0.0000	CRITICAL
VIX	VIX.2022-02-09.sqlite	391	391	62560	391	0	0.0000	CRITICAL
VIX	VIX.2022-01-25.sqlite	391	391	62560	391	0	0.0000	CRITICAL
VIX	VIX.2022-01-03.sqlite	391	391	62560	391	0	0.0000	CRITICAL
VIX	VIX.2022-01-02.sqlite	0	0	0	0	0	0.0000	CRITICAL
VIX	VIX.2022-01-01.sqlite	0	0	0	0	0	0.0000	CRITICAL
VIX	VIX.2021-04-14.sqlite	391	391	62560	391	0	0.0000	CRITICAL
VIX	VIX.2021-03-23.sqlite	391	391	62560	391	0	0.0000	CRITICAL
VIX	VIX.2021-03-01.sqlite	391	391	62560	391	0	0.0000	CRITICAL
VIX	VIX.2021-02-28.sqlite	0	0	0	0	0	0.0000	CRITICAL
VIX	VIX.2021-02-27.sqlite	0	0	0	0	0	0.0000	CRITICAL
VIX	VIX.2021-02-05.sqlite	391	391	62560	391	0	0.0000	CRITICAL
VIX	VIX.2021-01-14.sqlite	391	391	62560	391	0	0.0000	CRITICAL
VIX	VIX.2020-04-29.sqlite	391	391	62560	391	0	0.0000	CRITICAL
VIX	VIX.2020-04-07.sqlite	391	391	60996	391	0	0.0000	CRITICAL
VIX	VIX.2020-03-13.sqlite	391	391	62560	391	0	0.0000	CRITICAL
VIX	VIX.2020-02-25.sqlite	391	391	53176	391	0	0.0000	CRITICAL
VIX	VIX.2020-02-04.sqlite	391	391	57868	391	0	0.0000	CRITICAL
VIX	VIX.2020-01-13.sqlite	391	391	62560	391	0	0.0000	CRITICAL
VIX	VIX.2020-01-12.sqlite	0	0	0	0	0	0.0000	CRITICAL
VIX	VIX.2020-01-11.sqlite	0	0	0	0	0	0.0000	CRITICAL
VIX	VIX.2019-04-30.sqlite	391	391	62560	391	0	0.0000	CRITICAL
VIX	VIX.2019-04-10.sqlite	391	391	62560	391	0	0.0000	CRITICAL
VIX	VIX.2019-03-18.sqlite	391	391	62560	391	0	0.0000	CRITICAL
VIX	VIX.2019-03-17.sqlite	0	0	0	0	0	0.0000	CRITICAL
VIX	VIX.2019-03-16.sqlite	0	0	0	0	0	0.0000	CRITICAL
VIX	VIX.2019-03-01.sqlite	391	391	62560	391	0	0.0000	CRITICAL
VIX	VIX.2019-02-15.sqlite	391	391	31280	391	0	0.0000	CRITICAL
VIX	VIX.2019-01-28.sqlite	391	391	62560	391	0	0.0000	CRITICAL
VIX	VIX.2019-01-27.sqlite	0	0	0	0	0	0.0000	CRITICAL
VIX	VIX.2019-01-26.sqlite	0	0	0	0	0	0.0000	CRITICAL
VIX	VIX.2019-01-17.sqlite	391	391	31280	391	0	0.0000	CRITICAL
VIX	VIX.2018-12-18.sqlite	391	391	85238	391	0	0.0000	CRITICAL
VIX	VIX.2018-11-20.sqlite	391	391	102442	391	0	0.0000	CRITICAL
VIX	VIX.2025-08-15.sqlite	391	391	62560	391	0	0.0000	CRITICAL
VIX	VIX.2025-08-10.sqlite	0	0	0	0	0	0.0000	CRITICAL
VIX	VIX.2024-08-16.sqlite	391	391	26197	391	0	0.0000	CRITICAL
VIX	VIX.2024-06-26.sqlite	391	391	31280	391	0	0.0000	CRITICAL
VIX	VIX.2023-04-18.sqlite	391	391	62560	391	0	0.0000	CRITICAL
VIX	VIX.2023-03-30.sqlite	391	391	62560	391	0	0.0000	CRITICAL
VIX	VIX.2023-03-07.sqlite	391	391	62560	391	0	0.0000	CRITICAL
VIX	VIX.2023-03-05.sqlite	0	0	0	0	0	0.0000	CRITICAL
VIX	VIX.2023-02-08.sqlite	391	391	62560	391	0	0.0000	CRITICAL
VIX	VIX.2023-02-05.sqlite	0	0	0	0	0	0.0000	CRITICAL
VIX	VIX.2023-02-04.sqlite	0	0	0	0	0	0.0000	CRITICAL
VIX	VIX.2023-01-18.sqlite	391	391	31280	391	0	0.0000	CRITICAL
VIX	VIX.2022-05-04.sqlite	391	391	50830	391	0	0.0000	CRITICAL
VIX	VIX.2022-04-11.sqlite	391	391	62560	391	0	0.0000	CRITICAL
VIX	VIX.2022-04-10.sqlite	0	0	0	0	0	0.0000	CRITICAL
VIX	VIX.2022-04-09.sqlite	0	0	0	0	0	0.0000	CRITICAL
VIX	VIX.2022-03-08.sqlite	391	391	62560	391	0	0.0000	CRITICAL
VIX	VIX.2022-03-05.sqlite	0	0	0	0	0	0.0000	CRITICAL
VIX	VIX.2022-02-07.sqlite	391	391	62560	391	0	0.0000	CRITICAL
VIX	VIX.2022-02-06.sqlite	0	0	0	0	0	0.0000	CRITICAL
VIX	VIX.2022-02-05.sqlite	0	0	0	0	0	0.0000	CRITICAL
VIX	VIX.2022-01-19.sqlite	391	391	60214	391	0	0.0000	CRITICAL
VIX	VIX.2021-04-19.sqlite	391	391	91494	391	0	0.0000	CRITICAL
VIX	VIX.2021-04-17.sqlite	0	0	0	0	0	0.0000	CRITICAL
VIX	VIX.2021-03-26.sqlite	391	391	62560	391	0	0.0000	CRITICAL
VIX	VIX.2021-03-21.sqlite	0	0	0	0	0	0.0000	CRITICAL
VIX	VIX.2021-02-26.sqlite	391	391	62560	391	0	0.0000	CRITICAL
VIX	VIX.2021-01-19.sqlite	391	391	91494	391	0	0.0000	CRITICAL
VIX	VIX.2021-01-18.sqlite	0	0	0	0	0	0.0000	CRITICAL
VIX	VIX.2020-04-30.sqlite	391	391	62560	391	0	0.0000	CRITICAL
VIX	VIX.2020-04-16.sqlite	391	391	31280	391	0	0.0000	CRITICAL
VIX	VIX.2020-03-23.sqlite	391	391	60996	391	0	0.0000	CRITICAL
VIX	VIX.2020-03-22.sqlite	0	0	0	0	0	0.0000	CRITICAL
VIX	VIX.2020-03-21.sqlite	0	0	0	0	0	0.0000	CRITICAL
VIX	VIX.2020-02-27.sqlite	391	391	53176	391	0	0.0000	CRITICAL
VIX	VIX.2020-02-05.sqlite	391	391	57868	391	0	0.0000	CRITICAL
VIX	VIX.2020-01-08.sqlite	391	391	62560	391	0	0.0000	CRITICAL
VIX	VIX.2019-04-23.sqlite	391	391	62560	391	0	0.0000	CRITICAL
VIX	VIX.2019-03-27.sqlite	391	391	62560	391	0	0.0000	CRITICAL
VIX	VIX.2019-03-06.sqlite	391	391	62560	391	0	0.0000	CRITICAL
VIX	VIX.2019-02-11.sqlite	391	391	62560	391	0	0.0000	CRITICAL
VIX	VIX.2019-02-10.sqlite	0	0	0	0	0	0.0000	CRITICAL
VIX	VIX.2019-02-09.sqlite	0	0	0	0	0	0.0000	CRITICAL
VIX	VIX.2019-01-14.sqlite	391	391	62560	391	0	0.0000	CRITICAL
VIX	VIX.2019-01-12.sqlite	0	0	0	0	0	0.0000	CRITICAL
VIX	VIX.2018-11-26.sqlite	391	391	115736	391	0	0.0000	CRITICAL
VIX	VIX.2018-11-13.sqlite	391	391	50830	391	0	0.0000	CRITICAL
VIX	VIX.2018-10-30.sqlite	391	391	29716	391	0	0.0000	CRITICAL
VIX	VIX.2018-10-24.sqlite	391	391	29716	391	0	0.0000	CRITICAL
VIX	VIX.2025-08-19.sqlite	391	391	62560	391	0	0.0000	CRITICAL
VIX	VIX.2024-08-28.sqlite	391	391	31280	391	0	0.0000	CRITICAL
VIX	VIX.2024-07-01.sqlite	391	391	31280	391	0	0.0000	CRITICAL
VIX	VIX.2023-04-26.sqlite	391	391	62560	391	0	0.0000	CRITICAL
VIX	VIX.2023-03-31.sqlite	391	391	62560	391	0	0.0000	CRITICAL
VIX	VIX.2023-03-09.sqlite	391	391	62560	391	0	0.0000	CRITICAL
VIX	VIX.2023-02-10.sqlite	391	391	62560	391	0	0.0000	CRITICAL
VIX	VIX.2023-01-12.sqlite	391	391	62560	391	0	0.0000	CRITICAL
VIX	VIX.2022-04-26.sqlite	391	391	60996	391	0	0.0000	CRITICAL
VIX	VIX.2022-04-24.sqlite	0	0	0	0	0	0.0000	CRITICAL
VIX	VIX.2022-04-06.sqlite	391	391	62560	391	0	0.0000	CRITICAL
VIX	VIX.2022-04-03.sqlite	0	0	0	0	0	0.0000	CRITICAL
VIX	VIX.2022-03-27.sqlite	0	0	0	0	0	0.0000	CRITICAL
VIX	VIX.2022-03-02.sqlite	391	391	62560	391	0	0.0000	CRITICAL
VIX	VIX.2022-02-02.sqlite	391	391	62560	391	0	0.0000	CRITICAL
VIX	VIX.2022-01-07.sqlite	391	391	62560	391	0	0.0000	CRITICAL
VIX	VIX.2021-04-21.sqlite	391	391	60214	391	0	0.0000	CRITICAL
VIX	VIX.2021-03-30.sqlite	391	391	62560	391	0	0.0000	CRITICAL
VIX	VIX.2021-03-18.sqlite	391	391	31280	391	0	0.0000	CRITICAL
VIX	VIX.2021-02-24.sqlite	391	391	62560	391	0	0.0000	CRITICAL
VIX	VIX.2021-02-03.sqlite	391	391	62560	391	0	0.0000	CRITICAL
VIX	VIX.2021-01-05.sqlite	391	391	62560	391	0	0.0000	CRITICAL
VIX	VIX.2021-01-02.sqlite	0	0	0	0	0	0.0000	CRITICAL
VIX	VIX.2020-04-09.sqlite	391	391	60996	391	0	0.0000	CRITICAL
VIX	VIX.2020-03-12.sqlite	391	391	62560	391	0	0.0000	CRITICAL
VIX	VIX.2020-02-14.sqlite	391	391	57868	391	0	0.0000	CRITICAL
VIX	VIX.2020-01-23.sqlite	391	391	57868	391	0	0.0000	CRITICAL
VIX	VIX.2019-05-09.sqlite	391	391	62560	391	0	0.0000	CRITICAL
VIX	VIX.2019-04-09.sqlite	391	391	62560	391	0	0.0000	CRITICAL
VIX	VIX.2019-03-22.sqlite	391	391	31280	391	0	0.0000	CRITICAL
VIX	VIX.2019-02-28.sqlite	391	391	62560	391	0	0.0000	CRITICAL
VIX	VIX.2019-02-01.sqlite	391	391	62560	391	0	0.0000	CRITICAL
VIX	VIX.2018-11-30.sqlite	391	391	140760	391	0	0.0000	CRITICAL
VIX	VIX.2018-11-09.sqlite	391	391	50830	391	0	0.0000	CRITICAL
VIX	VIX.2025-08-05.sqlite	391	391	62560	391	0	0.0000	CRITICAL
VIX	VIX.2024-07-09.sqlite	391	391	31280	391	0	0.0000	CRITICAL
VIX	VIX.2023-05-09.sqlite	391	391	31280	391	0	0.0000	CRITICAL
VIX	VIX.2023-05-07.sqlite	0	0	0	0	0	0.0000	CRITICAL
VIX	VIX.2023-05-06.sqlite	0	0	0	0	0	0.0000	CRITICAL
VIX	VIX.2023-04-11.sqlite	391	391	62560	391	0	0.0000	CRITICAL
VIX	VIX.2023-03-22.sqlite	391	391	62560	391	0	0.0000	CRITICAL
VIX	VIX.2023-02-27.sqlite	391	391	62560	391	0	0.0000	CRITICAL
VIX	VIX.2023-02-26.sqlite	0	0	0	0	0	0.0000	CRITICAL
VIX	VIX.2023-02-25.sqlite	0	0	0	0	0	0.0000	CRITICAL
VIX	VIX.2023-02-02.sqlite	391	391	62560	391	0	0.0000	CRITICAL
VIX	VIX.2023-01-09.sqlite	391	391	62560	391	0	0.0000	CRITICAL
VIX	VIX.2023-01-07.sqlite	0	0	0	0	0	0.0000	CRITICAL
VIX	VIX.2022-04-21.sqlite	391	391	60996	391	0	0.0000	CRITICAL
VIX	VIX.2022-03-25.sqlite	391	391	62560	391	0	0.0000	CRITICAL
VIX	VIX.2022-02-28.sqlite	391	391	62560	391	0	0.0000	CRITICAL
VIX	VIX.2022-02-17.sqlite	391	391	31280	391	0	0.0000	CRITICAL
VIX	VIX.2022-01-26.sqlite	391	391	62560	391	0	0.0000	CRITICAL
VIX	VIX.2021-05-05.sqlite	391	391	62560	391	0	0.0000	CRITICAL
VIX	VIX.2021-04-13.sqlite	391	391	62560	391	0	0.0000	CRITICAL
VIX	VIX.2021-04-10.sqlite	0	0	0	0	0	0.0000	CRITICAL
VIX	VIX.2021-03-16.sqlite	391	391	62560	391	0	0.0000	CRITICAL
VIX	VIX.2021-02-22.sqlite	391	391	62560	391	0	0.0000	CRITICAL
VIX	VIX.2021-02-21.sqlite	0	0	0	0	0	0.0000	CRITICAL
VIX	VIX.2021-02-20.sqlite	0	0	0	0	0	0.0000	CRITICAL
VIX	VIX.2021-01-28.sqlite	391	391	62560	391	0	0.0000	CRITICAL
VIX	VIX.2021-01-06.sqlite	391	391	62560	391	0	0.0000	CRITICAL
VIX	VIX.2021-01-03.sqlite	0	0	0	0	0	0.0000	CRITICAL
VIX	VIX.2020-05-03.sqlite	0	0	0	0	0	0.0000	CRITICAL
VIX	VIX.2020-04-08.sqlite	391	391	60996	391	0	0.0000	CRITICAL
VIX	VIX.2020-03-11.sqlite	391	391	62560	391	0	0.0000	CRITICAL
VIX	VIX.2020-02-13.sqlite	391	391	57868	391	0	0.0000	CRITICAL
VIX	VIX.2020-01-24.sqlite	391	391	57868	391	0	0.0000	CRITICAL
VIX	VIX.2019-05-10.sqlite	391	391	62560	391	0	0.0000	CRITICAL
VIX	VIX.2019-04-15.sqlite	391	391	62560	391	0	0.0000	CRITICAL
VIX	VIX.2019-04-14.sqlite	0	0	0	0	0	0.0000	CRITICAL
VIX	VIX.2019-04-13.sqlite	0	0	0	0	0	0.0000	CRITICAL
VIX	VIX.2019-03-15.sqlite	391	391	62560	391	0	0.0000	CRITICAL
VIX	VIX.2019-02-21.sqlite	391	391	62560	391	0	0.0000	CRITICAL
VIX	VIX.2019-01-25.sqlite	391	391	62560	391	0	0.0000	CRITICAL
VIX	VIX.2019-01-16.sqlite	391	391	31280	391	0	0.0000	CRITICAL
VIX	VIX.2019-01-13.sqlite	0	0	0	0	0	0.0000	CRITICAL
VIX	VIX.2018-11-28.sqlite	391	391	115736	391	0	0.0000	CRITICAL
VIX	VIX.2025-08-08.sqlite	391	391	62560	391	0	0.0000	CRITICAL
VIX	VIX.2025-08-02.sqlite	0	0	0	0	0	0.0000	CRITICAL
VIX	VIX.2024-07-02.sqlite	391	391	31280	391	0	0.0000	CRITICAL
VIX	VIX.2023-04-25.sqlite	391	391	62560	391	0	0.0000	CRITICAL
VIX	VIX.2023-04-03.sqlite	391	391	62560	391	0	0.0000	CRITICAL
VIX	VIX.2023-04-02.sqlite	0	0	0	0	0	0.0000	CRITICAL
VIX	VIX.2023-04-01.sqlite	0	0	0	0	0	0.0000	CRITICAL
VIX	VIX.2023-03-10.sqlite	391	391	62560	391	0	0.0000	CRITICAL
VIX	VIX.2023-02-09.sqlite	391	391	62560	391	0	0.0000	CRITICAL
VIX	VIX.2023-01-16.sqlite	391	391	62560	391	0	0.0000	CRITICAL
VIX	VIX.2022-04-28.sqlite	391	391	60996	391	0	0.0000	CRITICAL
VIX	VIX.2022-03-28.sqlite	391	391	62560	391	0	0.0000	CRITICAL
VIX	VIX.2022-03-16.sqlite	391	391	31280	391	0	0.0000	CRITICAL
VIX	VIX.2022-02-23.sqlite	391	391	62560	391	0	0.0000	CRITICAL
VIX	VIX.2022-01-27.sqlite	391	391	62560	391	0	0.0000	CRITICAL
VIX	VIX.2022-01-04.sqlite	391	391	62560	391	0	0.0000	CRITICAL
VIX	VIX.2021-04-15.sqlite	391	391	62560	391	0	0.0000	CRITICAL
VIX	VIX.2021-03-22.sqlite	391	391	62560	391	0	0.0000	CRITICAL
VIX	VIX.2021-03-03.sqlite	391	391	62560	391	0	0.0000	CRITICAL
VIX	VIX.2021-02-04.sqlite	391	391	62560	391	0	0.0000	CRITICAL
VIX	VIX.2021-01-11.sqlite	391	391	62560	391	0	0.0000	CRITICAL
VIX	VIX.2021-01-10.sqlite	0	0	0	0	0	0.0000	CRITICAL
VIX	VIX.2021-01-09.sqlite	0	0	0	0	0	0.0000	CRITICAL
VIX	VIX.2020-04-21.sqlite	391	391	62560	391	0	0.0000	CRITICAL
VIX	VIX.2020-03-25.sqlite	391	391	60996	391	0	0.0000	CRITICAL
VIX	VIX.2020-03-03.sqlite	391	391	54740	391	0	0.0000	CRITICAL
VIX	VIX.2020-02-10.sqlite	391	391	57868	391	0	0.0000	CRITICAL
VIX	VIX.2020-02-09.sqlite	0	0	0	0	0	0.0000	CRITICAL
VIX	VIX.2020-02-08.sqlite	0	0	0	0	0	0.0000	CRITICAL
VIX	VIX.2020-01-16.sqlite	391	391	62560	391	0	0.0000	CRITICAL
VIX	VIX.2019-05-07.sqlite	391	391	62560	391	0	0.0000	CRITICAL
VIX	VIX.2019-04-11.sqlite	391	391	62560	391	0	0.0000	CRITICAL
VIX	VIX.2019-03-11.sqlite	391	391	62560	391	0	0.0000	CRITICAL
VIX	VIX.2019-03-10.sqlite	0	0	0	0	0	0.0000	CRITICAL
VIX	VIX.2019-03-09.sqlite	0	0	0	0	0	0.0000	CRITICAL
VIX	VIX.2019-02-12.sqlite	391	391	62560	391	0	0.0000	CRITICAL
VIX	VIX.2019-01-15.sqlite	391	391	62560	391	0	0.0000	CRITICAL
VIX	VIX.2018-12-21.sqlite	391	391	60996	391	0	0.0000	CRITICAL
VIX	VIX.2018-12-10.sqlite	391	391	59432	391	0	0.0000	CRITICAL
VIX	VIX.2018-12-09.sqlite	0	0	0	0	0	0.0000	CRITICAL
VIX	VIX.2018-12-08.sqlite	0	0	0	0	0	0.0000	CRITICAL
VIX	VIX.2018-11-12.sqlite	391	391	50830	391	0	0.0000	CRITICAL
VIX	VIX.2018-11-11.sqlite	0	0	0	0	0	0.0000	CRITICAL
VIX	VIX.2018-11-10.sqlite	0	0	0	0	0	0.0000	CRITICAL
VIX	VIX.2025-08-22.sqlite	391	391	31280	391	0	0.0000	CRITICAL
VIX	VIX.2025-08-17.sqlite	0	0	0	0	0	0.0000	CRITICAL
VIX	VIX.2024-08-26.sqlite	391	391	31280	391	0	0.0000	CRITICAL
VIX	VIX.2023-05-08.sqlite	391	391	62560	391	0	0.0000	CRITICAL
VIX	VIX.2023-04-12.sqlite	391	391	62560	391	0	0.0000	CRITICAL
VIX	VIX.2023-03-23.sqlite	391	391	62560	391	0	0.0000	CRITICAL
VIX	VIX.2023-02-28.sqlite	391	391	62560	391	0	0.0000	CRITICAL
VIX	VIX.2023-02-18.sqlite	0	0	0	0	0	0.0000	CRITICAL
VIX	VIX.2023-01-27.sqlite	391	391	62560	391	0	0.0000	CRITICAL
VIX	VIX.2023-01-05.sqlite	391	391	62560	391	0	0.0000	CRITICAL
VIX	VIX.2022-04-14.sqlite	391	391	62560	391	0	0.0000	CRITICAL
VIX	VIX.2022-03-23.sqlite	391	391	62560	391	0	0.0000	CRITICAL
VIX	VIX.2022-03-15.sqlite	391	391	31280	391	0	0.0000	CRITICAL
VIX	VIX.2022-03-12.sqlite	0	0	0	0	0	0.0000	CRITICAL
VIX	VIX.2022-02-11.sqlite	391	391	62560	391	0	0.0000	CRITICAL
VIX	VIX.2022-01-20.sqlite	391	391	62560	391	0	0.0000	CRITICAL
VIX	VIX.2021-04-29.sqlite	391	391	62560	391	0	0.0000	CRITICAL
VIX	VIX.2021-04-09.sqlite	391	391	62560	391	0	0.0000	CRITICAL
VIX	VIX.2021-04-02.sqlite	0	0	0	0	0	0.0000	CRITICAL
VIX	VIX.2021-03-09.sqlite	391	391	62560	391	0	0.0000	CRITICAL
VIX	VIX.2021-02-09.sqlite	391	391	62560	391	0	0.0000	CRITICAL
VIX	VIX.2021-01-20.sqlite	391	391	60214	391	0	0.0000	CRITICAL
VIX	VIX.2021-01-17.sqlite	0	0	0	0	0	0.0000	CRITICAL
VIX	VIX.2021-01-16.sqlite	0	0	0	0	0	0.0000	CRITICAL
VIX	VIX.2020-04-27.sqlite	391	391	62560	391	0	0.0000	CRITICAL
VIX	VIX.2020-04-26.sqlite	0	0	0	0	0	0.0000	CRITICAL
VIX	VIX.2020-04-25.sqlite	0	0	0	0	0	0.0000	CRITICAL
VIX	VIX.2020-03-30.sqlite	391	391	60996	391	0	0.0000	CRITICAL
VIX	VIX.2020-03-29.sqlite	0	0	0	0	0	0.0000	CRITICAL
VIX	VIX.2020-03-28.sqlite	0	0	0	0	0	0.0000	CRITICAL
VIX	VIX.2020-03-06.sqlite	391	391	54740	391	0	0.0000	CRITICAL
VIX	VIX.2020-02-12.sqlite	391	391	57868	391	0	0.0000	CRITICAL
VIX	VIX.2020-01-22.sqlite	391	391	56304	391	0	0.0000	CRITICAL
VIX	VIX.2019-05-06.sqlite	391	391	62560	391	0	0.0000	CRITICAL
VIX	VIX.2019-05-05.sqlite	0	0	0	0	0	0.0000	CRITICAL
VIX	VIX.2019-05-04.sqlite	0	0	0	0	0	0.0000	CRITICAL
VIX	VIX.2019-04-05.sqlite	391	391	62560	391	0	0.0000	CRITICAL
VIX	VIX.2019-03-19.sqlite	391	391	31280	391	0	0.0000	CRITICAL
VIX	VIX.2019-02-19.sqlite	391	391	62560	391	0	0.0000	CRITICAL
VIX	VIX.2019-01-22.sqlite	391	391	62560	391	0	0.0000	CRITICAL
VIX	VIX.2019-01-21.sqlite	0	0	0	0	0	0.0000	CRITICAL
VIX	VIX.2019-01-20.sqlite	0	0	0	0	0	0.0000	CRITICAL
VIX	VIX.2019-01-19.sqlite	0	0	0	0	0	0.0000	CRITICAL
VIX	VIX.2019-01-02.sqlite	391	391	62560	391	0	0.0000	CRITICAL
VIX	VIX.2019-01-01.sqlite	0	0	0	0	0	0.0000	CRITICAL
VIX	VIX.2018-12-23.sqlite	0	0	0	0	0	0.0000	CRITICAL
VIX	VIX.2018-12-22.sqlite	0	0	0	0	0	0.0000	CRITICAL
VIX	VIX.2018-12-11.sqlite	391	391	59432	391	0	0.0000	CRITICAL
VIX	VIX.2018-11-15.sqlite	391	391	76636	391	0	0.0000	CRITICAL
VIX	VIX.2018-11-02.sqlite	391	391	29716	391	0	0.0000	CRITICAL
VIX	VIX.2025-08-21.sqlite	391	391	31280	391	0	0.0000	CRITICAL
VIX	VIX.2025-08-16.sqlite	0	0	0	0	0	0.0000	CRITICAL
VIX	VIX.2024-08-27.sqlite	391	391	31280	391	0	0.0000	CRITICAL
VIX	VIX.2024-06-28.sqlite	391	391	31280	391	0	0.0000	CRITICAL
VIX	VIX.2023-04-28.sqlite	391	391	62560	391	0	0.0000	CRITICAL
VIX	VIX.2023-04-06.sqlite	391	391	62560	391	0	0.0000	CRITICAL
VIX	VIX.2023-03-17.sqlite	391	391	62560	391	0	0.0000	CRITICAL
VIX	VIX.2023-02-21.sqlite	391	391	62560	391	0	0.0000	CRITICAL
VIX	VIX.2023-01-31.sqlite	391	391	62560	391	0	0.0000	CRITICAL
VIX	VIX.2023-01-11.sqlite	391	391	62560	391	0	0.0000	CRITICAL
VIX	VIX.2022-04-18.sqlite	391	391	92276	391	0	0.0000	CRITICAL
VIX	VIX.2022-04-15.sqlite	0	0	0	0	0	0.0000	CRITICAL
VIX	VIX.2022-03-30.sqlite	391	391	62560	391	0	0.0000	CRITICAL
VIX	VIX.2022-03-07.sqlite	391	391	62560	391	0	0.0000	CRITICAL
VIX	VIX.2022-02-15.sqlite	391	391	62560	391	0	0.0000	CRITICAL
VIX	VIX.2022-01-28.sqlite	391	391	62560	391	0	0.0000	CRITICAL
VIX	VIX.2022-01-06.sqlite	391	391	62560	391	0	0.0000	CRITICAL
VIX	VIX.2021-04-26.sqlite	391	391	62560	391	0	0.0000	CRITICAL
VIX	VIX.2021-04-25.sqlite	0	0	0	0	0	0.0000	CRITICAL
VIX	VIX.2021-04-24.sqlite	0	0	0	0	0	0.0000	CRITICAL
VIX	VIX.2021-04-01.sqlite	391	391	62560	391	0	0.0000	CRITICAL
VIX	VIX.2021-03-19.sqlite	391	391	31280	391	0	0.0000	CRITICAL
VIX	VIX.2021-02-25.sqlite	391	391	62560	391	0	0.0000	CRITICAL
VIX	VIX.2021-02-02.sqlite	391	391	62560	391	0	0.0000	CRITICAL
VIX	VIX.2021-01-30.sqlite	0	0	0	0	0	0.0000	CRITICAL
VIX	VIX.2021-01-12.sqlite	391	391	62560	391	0	0.0000	CRITICAL
VIX	VIX.2020-04-23.sqlite	391	391	62560	391	0	0.0000	CRITICAL
VIX	VIX.2020-04-02.sqlite	391	391	60996	391	0	0.0000	CRITICAL
VIX	VIX.2020-03-10.sqlite	391	391	62560	391	0	0.0000	CRITICAL
VIX	VIX.2020-03-08.sqlite	0	0	0	0	0	0.0000	CRITICAL
VIX	VIX.2020-02-19.sqlite	391	391	51612	391	0	0.0000	CRITICAL
VIX	VIX.2020-02-15.sqlite	0	0	0	0	0	0.0000	CRITICAL
VIX	VIX.2020-01-30.sqlite	391	391	57868	391	0	0.0000	CRITICAL
VIX	VIX.2020-01-09.sqlite	391	391	62560	391	0	0.0000	CRITICAL
VIX	VIX.2019-04-29.sqlite	391	391	62560	391	0	0.0000	CRITICAL
VIX	VIX.2019-04-28.sqlite	0	0	0	0	0	0.0000	CRITICAL
VIX	VIX.2019-04-27.sqlite	0	0	0	0	0	0.0000	CRITICAL
VIX	VIX.2019-04-17.sqlite	391	391	31280	391	0	0.0000	CRITICAL
VIX	VIX.2019-03-29.sqlite	391	391	62560	391	0	0.0000	CRITICAL
VIX	VIX.2019-03-13.sqlite	391	391	62560	391	0	0.0000	CRITICAL
VIX	VIX.2019-02-20.sqlite	391	391	62560	391	0	0.0000	CRITICAL
VIX	VIX.2019-02-18.sqlite	0	0	0	0	0	0.0000	CRITICAL
VIX	VIX.2019-02-17.sqlite	0	0	0	0	0	0.0000	CRITICAL
VIX	VIX.2019-02-16.sqlite	0	0	0	0	0	0.0000	CRITICAL
VIX	VIX.2019-01-30.sqlite	391	391	62560	391	0	0.0000	CRITICAL
VIX	VIX.2019-01-09.sqlite	391	391	62560	391	0	0.0000	CRITICAL
VIX	VIX.2018-12-24.sqlite	391	391	43401	391	0	0.0000	CRITICAL
VIX	VIX.2018-12-12.sqlite	391	391	59432	391	0	0.0000	CRITICAL
VIX	VIX.2018-12-03.sqlite	391	391	59432	391	0	0.0000	CRITICAL
VIX	VIX.2018-12-01.sqlite	0	0	0	0	0	0.0000	CRITICAL
VIX	VIX.2025-08-26.sqlite	391	391	62560	391	0	0.0000	CRITICAL
VIX	VIX.2025-08-06.sqlite	391	391	62560	391	0	0.0000	CRITICAL
VIX	VIX.2024-07-04.sqlite	391	391	31280	391	0	0.0000	CRITICAL
VIX	VIX.2024-06-25.sqlite	391	391	31280	391	0	0.0000	CRITICAL
VIX	VIX.2024-06-21.sqlite	0	0	10948	391	0	0.0000	CRITICAL
VIX	VIX.2023-04-17.sqlite	391	391	62560	391	0	0.0000	CRITICAL
VIX	VIX.2023-04-16.sqlite	0	0	0	0	0	0.0000	CRITICAL
VIX	VIX.2023-04-15.sqlite	0	0	0	0	0	0.0000	CRITICAL
VIX	VIX.2023-03-27.sqlite	391	391	62560	391	0	0.0000	CRITICAL
VIX	VIX.2023-03-08.sqlite	391	391	62560	391	0	0.0000	CRITICAL
VIX	VIX.2023-02-13.sqlite	391	391	62560	391	0	0.0000	CRITICAL
VIX	VIX.2023-01-26.sqlite	391	391	62560	391	0	0.0000	CRITICAL
VIX	VIX.2023-01-22.sqlite	0	0	0	0	0	0.0000	CRITICAL
VIX	VIX.2023-01-04.sqlite	391	391	62560	391	0	0.0000	CRITICAL
VIX	VIX.2023-01-02.sqlite	0	0	0	0	0	0.0000	CRITICAL
VIX	VIX.2023-01-01.sqlite	0	0	0	0	0	0.0000	CRITICAL
VIX	VIX.2022-04-12.sqlite	391	391	62560	391	0	0.0000	CRITICAL
VIX	VIX.2022-03-22.sqlite	391	391	62560	391	0	0.0000	CRITICAL
VIX	VIX.2022-03-01.sqlite	391	391	62560	391	0	0.0000	CRITICAL
VIX	VIX.2022-02-26.sqlite	0	0	0	0	0	0.0000	CRITICAL
VIX	VIX.2022-02-10.sqlite	391	391	62560	391	0	0.0000	CRITICAL
VIX	VIX.2022-01-18.sqlite	391	391	91494	391	0	0.0000	CRITICAL
VIX	VIX.2022-01-17.sqlite	0	0	0	0	0	0.0000	CRITICAL
VIX	VIX.2022-01-16.sqlite	0	0	0	0	0	0.0000	CRITICAL
VIX	VIX.2022-01-15.sqlite	0	0	0	0	0	0.0000	CRITICAL
VIX	VIX.2021-05-04.sqlite	391	391	62560	391	0	0.0000	CRITICAL
VIX	VIX.2021-04-12.sqlite	391	391	62560	391	0	0.0000	CRITICAL
VIX	VIX.2021-04-11.sqlite	0	0	0	0	0	0.0000	CRITICAL
VIX	VIX.2021-04-03.sqlite	0	0	0	0	0	0.0000	CRITICAL
VIX	VIX.2021-03-27.sqlite	0	0	0	0	0	0.0000	CRITICAL
VIX	VIX.2021-03-17.sqlite	391	391	31280	391	0	0.0000	CRITICAL
VIX	VIX.2021-02-23.sqlite	391	391	62560	391	0	0.0000	CRITICAL
VIX	VIX.2021-02-01.sqlite	391	391	62560	391	0	0.0000	CRITICAL
VIX	VIX.2021-01-31.sqlite	0	0	0	0	0	0.0000	CRITICAL
VIX	VIX.2021-01-13.sqlite	391	391	62560	391	0	0.0000	CRITICAL
VIX	VIX.2020-04-28.sqlite	391	391	62560	391	0	0.0000	CRITICAL
VIX	VIX.2020-04-15.sqlite	391	391	29716	391	0	0.0000	CRITICAL
VIX	VIX.2020-03-27.sqlite	391	391	60996	391	0	0.0000	CRITICAL
VIX	VIX.2020-03-18.sqlite	365	365	29200	365	0	0.0000	CRITICAL
VIX	VIX.2020-02-18.sqlite	391	391	82892	391	0	0.0000	CRITICAL
VIX	VIX.2020-02-17.sqlite	0	0	0	0	0	0.0000	CRITICAL
VIX	VIX.2020-02-16.sqlite	0	0	0	0	0	0.0000	CRITICAL
VIX	VIX.2020-01-27.sqlite	391	391	57868	391	0	0.0000	CRITICAL
VIX	VIX.2020-01-26.sqlite	0	0	0	0	0	0.0000	CRITICAL
VIX	VIX.2020-01-25.sqlite	0	0	0	0	0	0.0000	CRITICAL
VIX	VIX.2020-01-03.sqlite	391	391	62560	391	0	0.0000	CRITICAL
VIX	VIX.2019-04-25.sqlite	391	391	62560	391	0	0.0000	CRITICAL
VIX	VIX.2019-04-02.sqlite	391	391	62560	391	0	0.0000	CRITICAL
VIX	VIX.2019-03-14.sqlite	391	391	62560	391	0	0.0000	CRITICAL
VIX	VIX.2019-02-25.sqlite	391	391	62560	391	0	0.0000	CRITICAL
VIX	VIX.2019-02-23.sqlite	0	0	0	0	0	0.0000	CRITICAL
VIX	VIX.2019-02-04.sqlite	391	391	62560	391	0	0.0000	CRITICAL
VIX	VIX.2019-02-03.sqlite	0	0	0	0	0	0.0000	CRITICAL
VIX	VIX.2019-02-02.sqlite	0	0	0	0	0	0.0000	CRITICAL
VIX	VIX.2019-01-10.sqlite	391	391	62560	391	0	0.0000	CRITICAL
VIX	VIX.2018-12-19.sqlite	391	391	55522	391	0	0.0000	CRITICAL
VIX	VIX.2018-11-21.sqlite	391	391	111826	391	0	0.0000	CRITICAL
VIX	VIX.2018-11-08.sqlite	391	391	50830	391	0	0.0000	CRITICAL
VIX	VIX.2018-10-31.sqlite	391	391	29716	391	0	0.0000	CRITICAL
VIX	VIX.2018-10-25.sqlite	391	391	29716	391	0	0.0000	CRITICAL
VIX	VIX.2025-08-07.sqlite	391	391	62560	391	0	0.0000	CRITICAL
VIX	VIX.2025-08-03.sqlite	0	0	0	0	0	0.0000	CRITICAL
VIX	VIX.2024-07-10.sqlite	391	391	31280	391	0	0.0000	CRITICAL
VIX	VIX.2023-05-03.sqlite	391	391	62560	391	0	0.0000	CRITICAL
VIX	VIX.2023-04-21.sqlite	391	391	31280	391	0	0.0000	CRITICAL
VIX	VIX.2023-04-05.sqlite	391	391	62560	391	0	0.0000	CRITICAL
VIX	VIX.2023-03-14.sqlite	391	391	62560	391	0	0.0000	CRITICAL
VIX	VIX.2023-02-23.sqlite	391	391	62560	391	0	0.0000	CRITICAL
VIX	VIX.2023-02-03.sqlite	391	391	62560	391	0	0.0000	CRITICAL
VIX	VIX.2023-01-19.sqlite	391	391	31280	391	0	0.0000	CRITICAL
VIX	VIX.2023-01-14.sqlite	0	0	0	0	0	0.0000	CRITICAL
VIX	VIX.2022-04-19.sqlite	391	391	92276	391	0	0.0000	CRITICAL
VIX	VIX.2022-04-16.sqlite	0	0	0	0	0	0.0000	CRITICAL
VIX	VIX.2022-03-29.sqlite	391	391	62560	391	0	0.0000	CRITICAL
VIX	VIX.2022-03-11.sqlite	391	391	62560	391	0	0.0000	CRITICAL
VIX	VIX.2022-02-27.sqlite	0	0	0	0	0	0.0000	CRITICAL
VIX	VIX.2022-02-18.sqlite	391	391	31280	391	0	0.0000	CRITICAL
VIX	VIX.2022-02-04.sqlite	391	391	62560	391	0	0.0000	CRITICAL
VIX	VIX.2022-01-13.sqlite	391	391	62560	391	0	0.0000	CRITICAL
VIX	VIX.2021-05-03.sqlite	391	391	62560	391	0	0.0000	CRITICAL
VIX	VIX.2021-05-02.sqlite	0	0	0	0	0	0.0000	CRITICAL
VIX	VIX.2021-05-01.sqlite	0	0	0	0	0	0.0000	CRITICAL
VIX	VIX.2021-04-06.sqlite	391	391	62560	391	0	0.0000	CRITICAL
VIX	VIX.2021-03-15.sqlite	391	391	62560	391	0	0.0000	CRITICAL
VIX	VIX.2021-03-14.sqlite	0	0	0	0	0	0.0000	CRITICAL
VIX	VIX.2021-03-13.sqlite	0	0	0	0	0	0.0000	CRITICAL
VIX	VIX.2021-02-16.sqlite	391	391	62560	391	0	0.0000	CRITICAL
VIX	VIX.2021-02-15.sqlite	0	0	0	0	0	0.0000	CRITICAL
VIX	VIX.2021-02-14.sqlite	0	0	0	0	0	0.0000	CRITICAL
VIX	VIX.2021-02-13.sqlite	0	0	0	0	0	0.0000	CRITICAL
VIX	VIX.2021-01-29.sqlite	391	391	62560	391	0	0.0000	CRITICAL
VIX	VIX.2021-01-08.sqlite	391	391	62560	391	0	0.0000	CRITICAL
VIX	VIX.2020-04-20.sqlite	391	391	62560	391	0	0.0000	CRITICAL
VIX	VIX.2020-04-19.sqlite	0	0	0	0	0	0.0000	CRITICAL
VIX	VIX.2020-04-18.sqlite	0	0	0	0	0	0.0000	CRITICAL
VIX	VIX.2020-04-01.sqlite	391	391	60996	391	0	0.0000	CRITICAL
VIX	VIX.2020-03-09.sqlite	389	389	62240	389	0	0.0000	CRITICAL
VIX	VIX.2020-03-07.sqlite	0	0	0	0	0	0.0000	CRITICAL
VIX	VIX.2020-02-20.sqlite	391	391	53176	391	0	0.0000	CRITICAL
VIX	VIX.2020-01-29.sqlite	391	391	57868	391	0	0.0000	CRITICAL
VIX	VIX.2020-01-06.sqlite	391	391	62560	391	0	0.0000	CRITICAL
VIX	VIX.2020-01-05.sqlite	0	0	0	0	0	0.0000	CRITICAL
VIX	VIX.2020-01-04.sqlite	0	0	0	0	0	0.0000	CRITICAL
VIX	VIX.2019-04-24.sqlite	391	391	62560	391	0	0.0000	CRITICAL
VIX	VIX.2019-04-01.sqlite	391	391	62560	391	0	0.0000	CRITICAL
VIX	VIX.2019-03-31.sqlite	0	0	0	0	0	0.0000	CRITICAL
VIX	VIX.2019-03-30.sqlite	0	0	0	0	0	0.0000	CRITICAL
VIX	VIX.2019-03-21.sqlite	391	391	31280	391	0	0.0000	CRITICAL
VIX	VIX.2019-03-04.sqlite	391	391	62560	391	0	0.0000	CRITICAL
VIX	VIX.2019-02-08.sqlite	391	391	62560	391	0	0.0000	CRITICAL
VIX	VIX.2019-01-23.sqlite	391	391	62560	391	0	0.0000	CRITICAL
VIX	VIX.2019-01-04.sqlite	391	391	62560	391	0	0.0000	CRITICAL
VIX	VIX.2018-11-27.sqlite	391	391	115736	391	0	0.0000	CRITICAL
XSP	XSP.2025-08-26.sqlite	390	390	156000	390	0	0.0000	CRITICAL
XSP	XSP.2025-08-12.sqlite	390	390	156000	390	0	0.0000	CRITICAL
XSP	XSP.2025-08-03.sqlite	0	0	0	0	0	0.0000	CRITICAL
XSP	XSP.2025-08-06.sqlite	390	390	156000	390	0	0.0000	CRITICAL
XSP	XSP.2025-08-05.sqlite	390	390	156000	390	0	0.0000	CRITICAL
XSP	XSP.2025-08-13.sqlite	390	390	156000	390	0	0.0000	CRITICAL
XSP	XSP.2025-04-16.sqlite	0	0	0	0	0	0.0000	CRITICAL
XSP	XSP.2025-08-01.sqlite	390	390	156000	390	0	0.0000	CRITICAL
XSP	XSP.2025-08-19.sqlite	390	390	156000	390	0	0.0000	CRITICAL
XSP	XSP.2025-08-10.sqlite	0	0	0	0	0	0.0000	CRITICAL
XSP	XSP.2025-08-04.sqlite	390	390	156000	390	0	0.0000	CRITICAL
XSP	XSP.2025-08-22.sqlite	390	390	156000	390	0	0.0000	CRITICAL
XSP	XSP.2025-08-17.sqlite	0	0	0	0	0	0.0000	CRITICAL
XSP	XSP.2025-08-15.sqlite	390	390	156000	390	0	0.0000	CRITICAL
XSP	XSP.2025-08-11.sqlite	390	390	156000	390	0	0.0000	CRITICAL
XSP	XSP.2025-08-07.sqlite	390	390	156000	390	0	0.0000	CRITICAL
XSP	XSP.2025-04-15.sqlite	0	0	0	0	0	0.0000	CRITICAL
XSP	XSP.2025-08-20.sqlite	390	390	156000	390	0	0.0000	CRITICAL
XSP	XSP.2025-08-16.sqlite	0	0	0	0	0	0.0000	CRITICAL
XSP	XSP.2025-08-02.sqlite	0	0	0	0	0	0.0000	CRITICAL
XSP	XSP.2025-08-21.sqlite	390	390	156000	390	0	0.0000	CRITICAL
XSP	XSP.2025-08-09.sqlite	0	0	0	0	0	0.0000	CRITICAL
XSP	XSP.2025-04-17.sqlite	0	0	0	0	0	0.0000	CRITICAL
XSP	XSP.2025-08-27.sqlite	390	390	156000	390	0	0.0000	CRITICAL
XSP	XSP.2025-08-14.sqlite	390	390	156000	390	0	0.0000	CRITICAL
XSP	XSP.2025-04-13.sqlite	0	0	0	0	0	0.0000	CRITICAL
XSP	XSP.2025-04-12.sqlite	0	0	0	0	0	0.0000	CRITICAL
XSP	XSP.2024-08-02.sqlite	0	0	0	0	0	0.0000	CRITICAL
XSP	XSP.2024-06-21.sqlite	0	0	0	0	0	0.0000	CRITICAL
XSP	XSP.2025-08-28.sqlite	390	390	156000	390	0	0.0000	CRITICAL
XSP	XSP.2025-08-18.sqlite	390	390	156000	390	0	0.0000	CRITICAL
XSP	XSP.2025-08-25.sqlite	390	390	156000	390	0	0.0000	CRITICAL
XSP	XSP.2025-08-24.sqlite	0	0	0	0	0	0.0000	CRITICAL
XSP	XSP.2025-08-23.sqlite	0	0	0	0	0	0.0000	CRITICAL
XSP	XSP.2025-08-08.sqlite	390	390	156000	390	0	0.0000	CRITICAL
XSP	XSP.2025-04-14.sqlite	0	0	0	0	0	0.0000	CRITICAL
